position	kmer_seq	n_total_seq	n_with_match	median_diff	log10_p_value
803	CCTGG	11160	3559	0.778964	212.321698
898	GGGCC	11160	1996	0.890765	199.960503
515	CCAGG	11160	3302	0.756446	199.731385
848	CTGGG	11160	3743	0.742899	198.892668
514	CCAGC	11160	3198	0.728219	182.918242
368	CCCAG	11160	3751	0.704474	181.052053
889	GGCCC	11160	1975	0.830706	178.505413
901	GGGGC	11160	2145	0.817621	159.950241
799	CCTCC	11160	3218	0.690594	156.23155
862	GCCCC	11160	2196	0.767953	154.001692
628	CAGCC	11160	3214	0.671757	152.162928
884	GCTGG	11160	3043	0.673112	152.120768
891	GGCCT	11160	2446	0.746096	150.982701
788	CCCTG	11160	3228	0.690989	150.385602
896	GGCTG	11160	3080	0.678581	149.920095
869	GCCTG	11160	3015	0.693929	149.848432
551	GGAGG	11160	3001	0.68173	149.4051
632	CAGGG	11160	2925	0.686913	147.240737
802	CCTGC	11160	3031	0.654528	146.029186
844	CTGCC	11160	3181	0.658186	145.490561
880	GCTCC	11160	2094	0.761267	143.970624
542	GCAGG	11160	2648	0.676289	141.315727
835	CTCCC	11160	3297	0.645957	140.36344
407	GGGAG	11160	3132	0.650881	138.017928
847	CTGGC	11160	2684	0.690255	137.821874
900	GGGCT	11160	2428	0.702466	134.15832
404	GGCAG	11160	3026	0.648352	133.635018
631	CAGGC	11160	2688	0.669245	132.568185
979	TGGCC	11160	2697	0.661562	131.596518
658	GAGGC	11160	2400	0.660879	125.879216
982	TGGGC	11160	2570	0.668845	125.520155
550	GGAGC	11160	2041	0.697342	123.681079
868	GCCTC	11160	2639	0.652696	123.604539
895	GGCTC	11160	2162	0.672974	121.322258
727	AGCCC	11160	2450	0.644525	119.996861
659	GAGGG	11160	2699	0.64967	119.738202
787	CCCTC	11160	2728	0.647097	119.409826
864	GCCCT	11160	2466	0.629049	114.527326
983	TGGGG	11160	3318	0.595179	113.420926
736	AGGCC	11160	2367	0.647236	110.345732
883	GCTGC	11160	2661	0.611933	108.038971
353	AGGAG	11160	3154	0.573444	107.357277
511	CCACC	11160	2719	0.588325	107.113641
395	GCCAG	11160	2789	0.600211	106.373965
202	GCCCA	11160	2593	0.591896	106.331957
655	GAGCC	11160	2262	0.630415	105.418454
739	AGGGC	11160	2240	0.617186	101.910938
125	CAGGA	11160	3292	0.540269	101.166532
175	CCCCA	11160	3157	0.576218	100.916217
785	CCCGG	11160	939	0.811888	96.596969
783	CCCCT	11160	2681	0.567531	95.499259
214	GGGCA	11160	2497	0.597032	93.652332
794	CCGGG	11160	857	0.826382	93.1374
842	CTCTG	11160	3875	0.523174	92.813916
367	CCCAC	11160	2628	0.571463	89.934626
837	CTCCT	11160	3513	0.520997	89.096298
820	CGGGC	11160	704	0.882652	88.151273
211	GGCCA	11160	2575	0.549194	87.556278
950	TCCTG	11160	3825	0.502446	87.555837
808	CGCCC	11160	802	0.871133	87.138763
970	TGCCC	11160	2726	0.536656	86.254846
782	CCCCG	11160	1014	0.781089	86.128799
890	GGCCG	11160	726	0.868726	85.834901
740	AGGGG	11160	2578	0.58195	85.604739
434	TGGAG	11160	3285	0.523213	84.590535
905	GGGTG	11160	2373	0.577433	84.317224
793	CCGGC	11160	701	0.850705	83.604251
817	CGGCC	11160	726	0.907018	83.526194
541	GCAGC	11160	2386	0.581222	83.461552
619	CACCC	11160	2427	0.558636	82.975664
943	TCCCC	11160	2878	0.529339	82.387433
193	CTCCA	11160	3176	0.511077	81.767223
422	TCCAG	11160	3288	0.502456	81.458683
911	GGTGG	11160	2703	0.543619	81.178073
801	CCTCT	11160	3428	0.506979	80.848598
406	GGGAC	11160	1784	0.62018	80.55697
929	GTGGG	11160	2669	0.554256	80.460854
98	GGAGA	11160	3067	0.494108	79.171048
578	TGAGG	11160	3094	0.50309	79.116298
790	CCGCC	11160	895	0.827884	79.028387
497	AGAGG	11160	3151	0.499087	78.735602
781	CCCCC	11160	1948	0.615804	78.52592
389	CTGAG	11160	3431	0.500235	78.448979
547	GGACC	11160	1488	0.675668	78.181304
821	CGGGG	11160	832	0.803395	77.943121
846	CTGCT	11160	3651	0.464644	77.009624
317	CAGAG	11160	3618	0.464024	76.503929
863	GCCCG	11160	707	0.82585	76.263055
729	AGCCT	11160	3122	0.479866	76.150308
197	CTGGA	11160	3219	0.48113	75.595419
961	TCTCC	11160	3336	0.484764	75.387979
242	TGGGA	11160	3695	0.503682	75.029303
784	CCCGC	11160	831	0.794548	75.02356
853	CTTCC	11160	3470	0.464482	73.645806
928	GTGGC	11160	2516	0.518953	73.159334
866	GCCGG	11160	652	0.812272	72.146204
630	CAGCT	11160	3473	0.484848	72.064776
743	AGGTG	11160	2806	0.511463	72.026189
326	GAGAG	11160	2679	0.487621	71.712474
800	CCTCG	11160	798	0.839045	71.497673
949	TCCTC	11160	3017	0.484219	70.723716
657	GAGCT	11160	2419	0.532144	70.714282
916	GTCCC	11160	2002	0.561163	70.461306
902	GGGGG	11160	1837	0.589736	69.182085
839	CTCGG	11160	804	0.798294	69.009051
633	CAGGT	11160	2635	0.51295	68.943674
416	GTGAG	11160	2538	0.505442	68.295732
215	GGGGA	11160	2719	0.485717	68.119217
290	GGAAG	11160	3306	0.462986	67.229351
865	GCCGC	11160	595	0.902968	66.912608
371	CCGAG	11160	795	0.752195	66.887724
386	CTCAG	11160	3489	0.43728	66.81341
904	GGGTC	11160	1534	0.583784	66.482514
569	TCAGG	11160	2876	0.468122	66.099564
815	CGCTG	11160	819	0.76578	65.944489
646	GACCC	11160	1566	0.626511	65.795627
470	GAAGG	11160	2928	0.466191	65.792764
738	AGGCT	11160	2934	0.468638	64.961552
805	CCTTC	11160	3088	0.469189	64.588965
734	AGCTG	11160	3577	0.450746	63.899003
841	CTCTC	11160	2897	0.465379	63.465997
134	GAGGA	11160	2838	0.485232	63.218697
700	ACCCC	11160	2048	0.523305	62.233414
660	GAGGT	11160	2196	0.493595	62.04504
944	TCCCG	11160	843	0.698877	61.979173
836	CTCCG	11160	725	0.785713	61.699832
394	GCCAC	11160	2341	0.486577	61.391322
874	GCGGC	11160	468	0.994756	61.371213
86	CCAGA	11160	3048	0.425261	60.896509
524	CGAGG	11160	753	0.735852	60.754089
229	TCCCA	11160	3661	0.398732	60.545466
965	TCTGG	11160	3182	0.427239	60.423138
871	GCGCC	11160	529	0.863901	60.367302
733	AGCTC	11160	2391	0.478759	59.850724
380	CGGAG	11160	703	0.765947	59.808986
857	CTTGG	11160	3152	0.417263	59.243811
161	AGGGA	11160	3158	0.419989	58.116069
182	CCTGA	11160	3047	0.449395	57.579008
403	GGCAC	11160	1814	0.50142	57.367348
496	AGAGC	11160	2518	0.446782	57.334377
903	GGGGT	11160	2122	0.493075	57.094013
893	GGCGG	11160	696	0.79047	57.084098
910	GGTGC	11160	1763	0.552273	56.73343
892	GGCGC	11160	535	0.851568	56.679505
728	AGCCG	11160	718	0.725086	55.827772
538	GCACC	11160	1723	0.541398	55.546295
875	GCGGG	11160	688	0.761118	55.487622
810	CGCCT	11160	832	0.647244	54.926339
218	GGTGA	11160	2390	0.468569	54.682894
899	GGGCG	11160	646	0.786591	54.663627
796	CCGTC	11160	609	0.805877	54.354232
819	CGGCT	11160	671	0.724314	53.590872
629	CAGCG	11160	709	0.740315	53.463579
188	CGGGA	11160	626	0.745051	53.02624
830	CGTGG	11160	907	0.642122	50.732187
976	TGCTC	11160	2537	0.435803	50.111447
350	AGCAG	11160	3167	0.402709	49.785474
826	CGTCC	11160	553	0.817454	49.655284
907	GGTCC	11160	1449	0.518121	49.419001
964	TCTGC	11160	3042	0.409735	48.764371
882	GCTCT	11160	2603	0.42303	48.755365
956	TCGGG	11160	568	0.785457	48.179923
656	GAGCG	11160	527	0.852086	47.76172
621	CACCT	11160	2835	0.426122	47.758854
623	CACGG	11160	679	0.718256	47.352878
461	CAAGG	11160	2540	0.410943	47.164319
652	GACTC	11160	1726	0.475001	47.069361
806	CCTTG	11160	3058	0.402425	46.681675
945	TCCCT	11160	3394	0.372074	46.433622
352	AGGAC	11160	2062	0.429111	46.337803
981	TGGCT	11160	3277	0.409426	46.325126
388	CTGAC	11160	2266	0.446347	46.274496
160	AGGCA	11160	3035	0.39184	45.996154
984	TGGGT	11160	2625	0.430614	45.098629
206	GCGGA	11160	474	0.777028	44.895234
797	CCGTG	11160	876	0.643841	44.574814
845	CTGCG	11160	636	0.714096	44.104595
881	GCTCG	11160	489	0.778194	43.96822
577	TGAGC	11160	2523	0.390759	43.769219
179	CCGGA	11160	479	0.806014	43.603569
512	CCACG	11160	850	0.605782	43.397676
713	ACGGG	11160	558	0.697937	43.396451
488	ACAGG	11160	2632	0.383457	43.365475
812	CGCGG	11160	244	1.024589	43.292862
133	GAGCA	11160	2442	0.394259	43.156775
648	GACCT	11160	2005	0.444817	43.110255
97	GGACA	11160	2226	0.427468	43.0945
947	TCCGG	11160	514	0.804349	42.702262
668	GATGG	11160	2342	0.412502	42.612664
791	CCGCG	11160	287	0.973337	42.489112
124	CAGCA	11160	3354	0.358096	41.925242
325	GAGAC	11160	2251	0.414076	41.759303
176	CCCGA	11160	674	0.656992	41.530408
737	AGGCG	11160	727	0.634023	41.500287
792	CCGCT	11160	598	0.716656	41.3642
980	TGGCG	11160	678	0.656151	41.285822
620	CACCG	11160	678	0.689006	41.254654
341	ACCAG	11160	2557	0.387497	41.075432
181	CCTCA	11160	3089	0.374063	40.959218
377	CGCAG	11160	638	0.605734	40.499361
549	GGACT	11160	2066	0.411565	40.345091
513	CCACT	11160	2719	0.36702	40.088177
742	AGGTC	11160	1843	0.439767	40.050475
972	TGCCT	11160	3708	0.365275	40.009311
731	AGCGG	11160	518	0.773308	39.712362
208	GCTCA	11160	2336	0.356833	39.500335
370	CCGAC	11160	419	0.79231	39.497618
849	CTGGT	11160	2864	0.372155	39.375724
786	CCCGT	11160	694	0.678474	39.04432
323	GACAG	11160	2595	0.357863	38.636703
838	CTCGC	11160	546	0.777936	38.542265
850	CTGTC	11160	2928	0.370018	38.186388
707	ACCTG	11160	2894	0.354479	38.009905
955	TCGGC	11160	533	0.698414	37.950826
95	GCAGA	11160	2909	0.358435	37.886494
804	CCTGT	11160	3447	0.340538	37.8752
809	CGCCG	11160	258	0.911594	37.241834
702	ACCCT	11160	2366	0.425131	37.031178
398	GCGAG	11160	474	0.721514	36.887017
1010	TTGGG	11160	3302	0.350881	36.866097
278	CCAAG	11160	2918	0.318318	36.577797
974	TGCGG	11160	530	0.649417	35.840917
918	GTCCT	11160	2379	0.382609	35.670996
706	ACCTC	11160	2386	0.366326	35.130586
548	GGACG	11160	418	0.753651	35.103219
552	GGAGT	11160	2316	0.372302	35.033685
730	AGCGC	11160	468	0.759731	34.985765
814	CGCTC	11160	541	0.681821	34.966863
413	GTCAG	11160	2337	0.348595	34.768243
187	CGGCA	11160	491	0.717188	34.763321
822	CGGGT	11160	534	0.669581	34.739846
637	CATCC	11160	2212	0.371537	34.623009
709	ACGCC	11160	530	0.678509	34.384728
554	GGATG	11160	2209	0.365627	34.094021
574	TGACC	11160	2171	0.387432	34.077105
992	TGTGG	11160	3496	0.335731	34.032622
622	CACGC	11160	691	0.570761	34.00165
704	ACCGG	11160	358	0.794229	33.652402
878	GCGTG	11160	762	0.563819	33.5687
203	GCCGA	11160	529	0.638389	33.301568
818	CGGCG	11160	213	1.018158	33.3015
718	ACTCC	11160	2287	0.358316	33.160457
867	GCCGT	11160	543	0.697683	33.149723
196	CTGCA	11160	3514	0.333465	33.132107
520	CGACC	11160	334	0.750258	33.095275
977	TGCTG	11160	3935	0.311883	33.039641
431	TGCAG	11160	3616	0.30787	32.995444
824	CGGTG	11160	598	0.638482	32.919101
650	GACGG	11160	536	0.61418	32.701404
493	AGACC	11160	1995	0.395438	32.194255
647	GACCG	11160	369	0.704839	32.142373
923	GTCTG	11160	2469	0.351802	32.046993
157	AGCCA	11160	3222	0.311132	31.81037
379	CGGAC	11160	340	0.866762	31.629691
877	GCGTC	11160	397	0.770338	31.269698
209	GCTGA	11160	2708	0.326787	31.217459
121	CACCA	11160	2594	0.306924	30.926147
741	AGGGT	11160	2316	0.352706	30.861197
565	TCACC	11160	2354	0.361036	30.704501
722	ACTGG	11160	2617	0.351927	30.53488
469	GAAGC	11160	2419	0.330657	30.429504
224	GTGGA	11160	2563	0.346105	30.341535
873	GCGCT	11160	497	0.690687	30.297523
701	ACCCG	11160	563	0.598551	30.072726
745	AGTCC	11160	1942	0.320293	29.84622
568	TCAGC	11160	2848	0.295371	29.799524
886	GCTTC	11160	2539	0.351502	29.530514
789	CCCTT	11160	3195	0.311197	29.333851
829	CGTGC	11160	654	0.548687	28.626914
385	CTCAC	11160	2507	0.334298	28.560314
952	TCGCC	11160	492	0.600038	28.54388
184	CGCCA	11160	556	0.590358	28.472452
828	CGTCT	11160	719	0.548616	28.321211
553	GGATC	11160	1281	0.393989	28.269679
926	GTGCG	11160	517	0.617253	28.15567
539	GCACG	11160	627	0.596781	28.14691
604	AAGGC	11160	2429	0.317504	27.816536
909	GGTCT	11160	2139	0.356897	27.663289
894	GGCGT	11160	581	0.568038	27.56271
971	TGCCG	11160	589	0.594017	27.478735
925	GTGCC	11160	2165	0.327689	27.201744
217	GGTCA	11160	1975	0.347562	27.19805
314	CACAG	11160	3282	0.290486	27.176408
212	GGCGA	11160	445	0.630499	26.976668
887	GCTTG	11160	2289	0.316303	26.916239
997	TTCCC	11160	3523	0.278729	26.860792
433	TGGAC	11160	1920	0.340041	26.756193
421	TCCAC	11160	2280	0.285332	26.590907
233	TCGGA	11160	438	0.666836	26.520227
517	CCATC	11160	2455	0.295141	26.440871
641	CATGG	11160	2560	0.330506	26.393648
523	CGAGC	11160	471	0.634583	26.389125
988	TGTCC	11160	2623	0.325372	26.3848
712	ACGGC	11160	421	0.662443	26.076299
897	GGCTT	11160	2608	0.320983	25.983702
466	GAACC	11160	1699	0.340028	25.691777
487	ACAGC	11160	2475	0.328622	25.624829
316	CAGAC	11160	2252	0.323098	25.135481
795	CCGGT	11160	412	0.641788	25.108345
986	TGGTG	11160	3047	0.283431	24.785729
653	GACTG	11160	2385	0.311559	24.481021
664	GATCC	11160	1371	0.358798	24.118558
605	AAGGG	11160	2812	0.271067	24.071267
178	CCGCA	11160	547	0.580507	24.059829
811	CGCGC	11160	215	0.831306	23.973662
89	CGAGA	11160	674	0.441255	23.529536
946	TCCGC	11160	483	0.548747	23.469653
661	GAGTC	11160	1726	0.325505	23.007824
662	GAGTG	11160	2368	0.315579	22.955453
922	GTCTC	11160	2521	0.302073	22.909023
625	CACTC	11160	2350	0.320993	22.758211
130	GACCA	11160	2036	0.307887	22.752417
289	GGAAC	11160	1903	0.283131	22.435451
205	GCGCA	11160	446	0.577186	22.342358
649	GACGC	11160	392	0.655131	22.326588
634	CAGTC	11160	2234	0.281157	22.306376
954	TCGCT	11160	576	0.536554	22.126643
238	TGCCA	11160	3278	0.260466	22.000497
872	GCGCG	11160	181	0.852036	21.913417
50	GGGAA	11160	3245	0.263526	21.773223
322	GACAC	11160	1758	0.300192	21.603906
185	CGCGA	11160	139	0.886761	21.527519
703	ACCGC	11160	458	0.60534	21.219117
851	CTGTG	11160	4092	0.25025	21.123932
148	ACCCA	11160	2472	0.267479	21.040518
870	GCCTT	11160	2894	0.248129	21.015038
917	GTCCG	11160	336	0.744028	20.922279
973	TGCGC	11160	441	0.576971	20.904442
408	GGGAT	11160	2201	0.285817	20.833956
230	TCCGA	11160	411	0.612955	20.290747
749	AGTGG	11160	2841	0.252297	20.173631
41	CGGAA	11160	495	0.581827	20.075008
754	ATCCC	11160	2078	0.248005	19.121373
948	TCCGT	11160	636	0.491076	18.970697
856	CTTGC	11160	2432	0.264981	18.451465
601	AAGCC	11160	2500	0.251497	18.118057
767	ATGGG	11160	2271	0.293635	18.072667
885	GCTGT	11160	3153	0.265915	17.903328
518	CCATG	11160	2665	0.26481	17.760487
710	ACGCG	11160	148	0.826071	17.75002
397	GCGAC	11160	283	0.612524	17.671687
920	GTCGG	11160	358	0.60929	17.452255
626	CACTG	11160	3558	0.212951	17.088487
287	GCAAG	11160	2127	0.280363	16.945685
241	TGGCA	11160	3019	0.221036	16.907709
635	CAGTG	11160	3680	0.188564	16.438978
855	CTTCT	11160	4044	0.230148	16.299765
494	AGACG	11160	646	0.438451	16.07067
854	CTTCG	11160	587	0.453776	16.022212
376	CGCAC	11160	486	0.545962	15.936957
381	CGGAT	11160	324	0.560931	15.887521
906	GGGTT	11160	2293	0.270071	15.86894
912	GGTGT	11160	2289	0.244547	15.809729
840	CTCGT	11160	558	0.457535	15.808446
667	GATGC	11160	1921	0.229618	15.800196
272	AGAAG	11160	3641	0.198967	15.687643
525	CGAGT	11160	503	0.476234	15.590607
592	AACCC	11160	2024	0.257407	15.543787
344	ACGAG	11160	496	0.43606	15.397914
1009	TTGGC	11160	2548	0.217615	15.314697
425	TCGAG	11160	664	0.427385	15.258476
80	AGAGA	11160	3522	0.209007	15.24358
908	GGTCG	11160	346	0.578136	15.208895
575	TGACG	11160	549	0.454066	15.005977
415	GTGAC	11160	2102	0.273132	14.909796
220	GTCCA	11160	1853	0.240406	14.884434
522	CGACT	11160	419	0.558213	14.876477
711	ACGCT	11160	498	0.460636	14.77107
816	CGCTT	11160	582	0.445657	14.732642
152	ACGGA	11160	479	0.532561	14.482826
719	ACTCG	11160	514	0.504538	14.399839
485	ACACG	11160	717	0.364394	14.313575
975	TGCGT	11160	630	0.410722	14.187715
1001	TTCGG	11160	501	0.452351	14.173517
998	TTCCG	11160	613	0.400154	14.117688
963	TCTCT	11160	3921	0.190994	14.042151
369	CCCAT	11160	2570	0.189595	14.026432
876	GCGGT	11160	370	0.496544	13.731309
913	GGTTC	11160	1739	0.261891	13.672858
85	CCACA	11160	2914	0.180747	13.563344
934	GTTCC	11160	2027	0.273852	13.509473
544	GCATC	11160	1699	0.265694	13.112037
460	CAAGC	11160	2107	0.233923	13.104637
596	AACGG	11160	421	0.487026	12.778354
158	AGCGA	11160	543	0.353053	12.501239
938	GTTGG	11160	2411	0.236081	12.319693
931	GTGTC	11160	2083	0.2353	12.304195
813	CGCGT	11160	147	0.72034	12.224627
716	ACGTG	11160	826	0.356367	12.188011
191	CGTGA	11160	725	0.365776	12.06782
999	TTCCT	11160	4495	0.18355	12.067627
543	GCAGT	11160	2819	0.186315	12.036731
638	CATCG	11160	456	0.456373	11.842756
484	ACACC	11160	1842	0.206067	11.807457
281	CGAAG	11160	554	0.3933	11.759766
149	ACCGA	11160	440	0.414282	11.733508
277	CCAAC	11160	1766	0.245987	11.642417
37	CCCAA	11160	2769	0.18112	11.545894
340	ACCAC	11160	2153	0.19	11.407576
843	CTCTT	11160	3862	0.166431	11.299689
374	CCTAG	11160	1814	0.190189	11.296358
732	AGCGT	11160	588	0.460744	11.240092
1000	TTCGC	11160	359	0.467172	11.216061
927	GTGCT	11160	2671	0.204768	11.168278
349	AGCAC	11160	2348	0.21165	11.05918
216	GGGTA	11160	1419	0.236917	10.913896
721	ACTGC	11160	2620	0.202795	10.864687
758	ATCGG	11160	292	0.508453	10.827015
516	CCAGT	11160	2766	0.16431	10.815945
985	TGGTC	11160	2119	0.213546	10.637509
919	GTCGC	11160	331	0.438065	10.433447
533	CTAGG	11160	1609	0.217562	10.287505
831	CGTGT	11160	893	0.306208	10.274968
521	CGACG	11160	123	0.695378	10.170301
23	GAGAA	11160	3789	0.150627	10.018519
755	ATCCG	11160	325	0.487499	9.989703
190	CGTCA	11160	450	0.383286	9.967256
959	TCGTG	11160	705	0.375989	9.954664
1006	TTGCC	11160	2809	0.203204	9.826719
953	TCGCG	11160	121	0.719667	9.786776
914	GGTTG	11160	2071	0.204578	9.699263
71	GAAGA	11160	3321	0.154461	9.693619
967	TCTTC	11160	3664	0.148576	9.634532
131	GACGA	11160	365	0.418139	9.486426
47	GCGAA	11160	351	0.464876	9.47828
958	TCGTC	11160	408	0.398541	9.360734
798	CCGTT	11160	544	0.399182	9.270069
410	GGTAG	11160	1552	0.165648	9.265661
823	CGGTC	11160	337	0.419583	9.030298
832	CGTTC	11160	491	0.384488	9.023986
651	GACGT	11160	453	0.440976	8.902396
32	AGGAA	11160	4094	0.141334	8.850051
38	CCGAA	11160	488	0.305821	8.760492
757	ATCGC	11160	351	0.423116	8.622012
624	CACGT	11160	894	0.282423	8.468025
763	ATGCC	11160	2320	0.188908	8.432516
122	CACGA	11160	546	0.277633	8.406503
827	CGTCG	11160	118	0.732441	8.018865
825	CGGTT	11160	516	0.324516	7.905745
665	GATCG	11160	317	0.411642	7.803471
951	TCCTT	11160	4024	0.157836	7.77371
746	AGTCG	11160	376	0.381291	7.699666
396	GCCAT	11160	2245	0.174065	7.619582
412	GTCAC	11160	1982	0.197049	7.545638
232	TCGCA	11160	394	0.344009	7.535849
467	GAACG	11160	418	0.306971	7.483965
935	GTTCG	11160	358	0.430787	7.362791
1003	TTCTC	11160	4275	0.140061	7.343495
705	ACCGT	11160	511	0.333586	7.138113
527	CGATG	11160	482	0.276288	7.038327
602	AAGCG	11160	536	0.306053	6.90863
566	TCACG	11160	644	0.237429	6.859017
457	CAACC	11160	1718	0.191864	6.80134
107	TGAGA	11160	3544	0.12743	6.686585
236	TCTGA	11160	3477	0.143031	6.560507
766	ATGGC	11160	2080	0.160285	6.532104
400	GCTAC	11160	1384	0.153396	6.523116
932	GTGTG	11160	3107	0.148272	6.452028
46	GCCAA	11160	2399	0.165837	6.419901
764	ATGCG	11160	459	0.2752	6.383966
715	ACGTC	11160	423	0.310655	6.344434
213	GGCTA	11160	1463	0.183078	6.272308
405	GGCAT	11160	2168	0.127505	6.230818
962	TCTCG	11160	1360	0.172581	6.173993
930	GTGGT	11160	2459	0.130673	6.087226
239	TGCGA	11160	418	0.303911	6.080276
194	CTCGA	11160	1263	0.163538	6.077554
595	AACGC	11160	365	0.329714	6.031281
373	CCTAC	11160	1387	0.204563	6.022893
879	GCGTT	11160	502	0.295906	5.949719
686	TAGGG	11160	1734	0.160503	5.703797
532	CTAGC	11160	1329	0.197293	5.637763
639	CATCT	11160	3168	0.103459	5.622087
529	CTACC	11160	1448	0.164121	5.580422
640	CATGC	11160	2243	0.156461	5.476762
343	ACGAC	11160	270	0.374081	5.456884
162	AGGTA	11160	1849	0.121268	5.288019
116	AAGGA	11160	3483	0.107916	5.281912
49	GGCAA	11160	2198	0.14931	5.274675
748	AGTGC	11160	2397	0.108593	5.199907
560	GTAGG	11160	1535	0.143082	5.069191
409	GGTAC	11160	974	0.201111	4.993723
593	AACCG	11160	407	0.264041	4.863153
354	AGGAT	11160	2473	0.115182	4.805116
682	TAGCC	11160	1598	0.137171	4.706115
545	GCATG	11160	2324	0.147902	4.651348
435	TGGAT	11160	2680	0.108745	4.638073
720	ACTCT	11160	2729	0.11791	4.570083
88	CGACA	11160	400	0.221758	4.527648
957	TCGGT	11160	466	0.22025	4.462549
756	ATCCT	11160	2634	0.099223	4.447983
372	CCGAT	11160	362	0.233276	4.371696
989	TGTCG	11160	457	0.293021	4.338171
399	GCGAT	11160	428	0.200441	4.058253
833	CGTTG	11160	586	0.266536	4.029174
714	ACGGT	11160	501	0.233524	3.999098
177	CCCTA	11160	1647	0.105533	3.93146
500	AGATG	11160	3331	0.09838	3.908542
495	AGACT	11160	2642	0.087178	3.760153
204	GCCTA	11160	1394	0.138687	3.733288
921	GTCGT	11160	388	0.240203	3.723737
271	AGAAC	11160	2538	0.08356	3.685381
313	CACAC	11160	2356	0.06987	3.510081
235	TCTCA	11160	3444	0.071148	3.488491
308	AAGAG	11160	3352	0.07892	3.340102
327	GAGAT	11160	2463	0.081876	3.309609
968	TCTTG	11160	3552	0.11978	3.300946
401	GCTAG	11160	1335	0.154361	3.293042
151	ACGCA	11160	493	0.172824	3.162845
424	TCGAC	11160	310	0.246101	3.116894
606	AAGGT	11160	2523	0.081675	3.078139
555	GGATT	11160	2692	0.11408	3.0102
526	CGATC	11160	619	0.146995	2.987795
299	TGAAG	11160	3522	0.069269	2.964886
458	CAACG	11160	385	0.212653	2.940058
735	AGCTT	11160	3178	0.062047	2.844295
251	TTGGA	11160	3381	0.078857	2.763426
280	CGAAC	11160	328	0.148632	2.730684
221	GTCGA	11160	210	0.280751	2.711235
263	GAAAG	11160	3608	0.055287	2.702842
1007	TTGCG	11160	397	0.188594	2.637299
760	ATCTC	11160	2682	0.058655	2.582292
859	CTTTC	11160	3953	0.084107	2.518415
673	TACCC	11160	1382	0.102901	2.478183
540	GCACT	11160	2379	0.061218	2.271728
378	CGCAT	11160	354	0.20628	2.219702
94	GCACA	11160	2493	0.059894	2.201058
724	ACTTC	11160	2506	0.105056	2.173019
199	CTTCA	11160	3389	0.055629	2.11668
1019	TTTGG	11160	4459	0.049311	2.098234
40	CGCAA	11160	368	0.163664	1.993715
579	TGAGT	11160	2660	0.049712	1.81523
571	TCATC	11160	2290	0.060105	1.767021
499	AGATC	11160	1816	0.029537	1.719567
223	GTGCA	11160	2495	0.072253	1.696688
530	CTACG	11160	262	0.217171	1.605634
164	AGTGA	11160	3253	0.048434	1.590963
293	GTAAG	11160	1796	0.060166	1.582366
59	TGGAA	11160	4049	0.06661	1.554218
683	TAGCG	11160	310	0.108974	1.527503
990	TGTCT	11160	3669	0.074157	1.368039
676	TACGC	11160	211	0.123326	1.357681
170	ATGGA	11160	2918	0.046819	1.339184
362	ATGAG	11160	2650	0.048582	1.304913
186	CGCTA	11160	235	0.145314	1.270476
567	TCACT	11160	3366	0.049274	1.256145
345	ACGAT	11160	491	0.021469	1.255119
960	TCGTT	11160	627	0.075376	1.249765
383	CGTAG	11160	351	0.208976	1.243748
531	CTACT	11160	2085	0.064349	1.213129
247	TTCCA	11160	3815	0.033828	1.197246
137	GATGA	11160	2385	0.058425	1.048375
248	TTCGA	11160	458	0.061516	0.963221
136	GATCA	11160	2053	0.032613	0.941623
674	TACCG	11160	299	0.098453	0.916471
189	CGGTA	11160	300	0.092697	0.897557
991	TGTGC	11160	3009	0.066422	0.890096
937	GTTGC	11160	2097	0.030691	0.879989
559	GTAGC	11160	1542	0.043468	0.845478
708	ACCTT	11160	2981	0.021219	0.84419
663	GAGTT	11160	2563	0.034419	0.843066
654	GACTT	11160	2738	0.010745	0.836818
759	ATCGT	11160	488	0.096867	0.823509
744	AGGTT	11160	2602	0.030084	0.814009
20	CAGAA	11160	4019	0.01766	0.79386
860	CTTTG	11160	4620	0.032626	0.789619
291	GGAAT	11160	2659	0.014616	0.781985
1016	TTTCG	11160	660	0.013107	0.781032
443	TTGAG	11160	3197	0.041936	0.763192
387	CTCAT	11160	2653	0.024144	0.741889
51	GGTAA	11160	1679	0.031118	0.72848
79	AGACA	11160	2992	-0.027419	0.725047
915	GGTTT	11160	3559	0.058301	0.691107
834	CGTTT	11160	963	0.004698	0.678129
207	GCGTA	11160	268	0.06598	0.664891
557	GTACG	11160	254	0.100459	0.649908
490	ACATC	11160	1967	0.007406	0.644542
611	AATCG	11160	426	0.031363	0.635009
1004	TTCTG	11160	4688	0.044002	0.631608
167	ATCGA	11160	402	-0.001308	0.628225
685	TAGGC	11160	1368	0.016795	0.600784
180	CCGTA	11160	335	0.110604	0.567279
468	GAACT	11160	2568	0.011717	0.560876
382	CGTAC	11160	260	-0.025269	0.550461
670	GATTC	11160	2016	0.04867	0.527705
68	CAAGA	11160	2794	0.002715	0.520732
576	TGACT	11160	2990	0.026097	0.517888
476	TAACG	11160	384	0.023627	0.500363
1002	TTCGT	11160	654	-0.00518	0.447971
430	TGCAC	11160	2560	-0.005679	0.444204
200	CTTGA	11160	3147	0.021395	0.436026
282	CGAAT	11160	473	0.021283	0.431534
143	TAGGA	11160	2230	0.026682	0.425717
92	CTAGA	11160	1509	0.025427	0.415176
666	GATCT	11160	1921	-0.005123	0.410862
684	TAGCT	11160	2402	0.011606	0.410392
335	TAGAG	11160	2299	0.051883	0.407291
113	AACGA	11160	504	-0.04302	0.388616
528	CGATT	11160	563	-0.027143	0.364311
773	ATTCG	11160	375	-0.014205	0.351263
56	TCGAA	11160	713	-0.042045	0.334535
747	AGTCT	11160	2762	0.019196	0.325487
140	TACGA	11160	300	0.033225	0.324718
427	TCTAC	11160	1847	-0.008769	0.312556
677	TACGG	11160	312	-0.036457	0.312239
556	GTACC	11160	1153	0.011051	0.307746
296	TCAAG	11160	2514	-0.020069	-0.334758
471	GAAGT	11160	2727	0.010537	-0.334972
104	TCAGA	11160	3534	-0.008516	-0.353349
423	TCCAT	11160	3036	0.025016	-0.358794
55	TCCAA	11160	2775	-0.012088	-0.373228
166	ATCCA	11160	2410	-0.004711	-0.382779
671	GATTG	11160	1975	0.013914	-0.391982
419	GTTAG	11160	1663	-0.019159	-0.429135
1015	TTTCC	11160	4576	0.012186	-0.433396
159	AGCTA	11160	2188	-0.001454	-0.43716
858	CTTGT	11160	3411	0.001966	-0.478221
594	AACCT	11160	2773	0.012517	-0.488468
127	CATCA	11160	2377	-0.001768	-0.500244
772	ATTCC	11160	2625	-0.020418	-0.515782
392	CTTAG	11160	2254	0.012473	-0.538188
924	GTCTT	11160	3044	0.019556	-0.538748
231	TCCTA	11160	2244	-0.004042	-0.542104
390	CTGAT	11160	2683	-0.012817	-0.565888
479	TAAGG	11160	2003	-0.004393	-0.566926
940	GTTTC	11160	3326	-0.017116	-0.572658
807	CCTTT	11160	4480	0.001779	-0.582958
936	GTTCT	11160	3017	-0.024885	-0.586438
498	AGAGT	11160	2717	0.00675	-0.591996
580	TGATC	11160	1942	0.004722	-0.592471
607	AAGTC	11160	2334	-0.024627	-0.655583
318	CAGAT	11160	3019	-0.024558	-0.668817
70	GAACA	11160	2670	-0.042627	-0.689074
154	ACTCA	11160	2443	-0.028042	-0.738211
586	TTAGC	11160	2045	-0.038278	-0.74135
8	CGAAA	11160	639	-0.121285	-0.76767
426	TCGAT	11160	659	-0.028217	-0.81083
77	ACAGA	11160	3524	-0.028526	-0.813188
440	TTCAG	11160	3854	-0.001973	-0.828522
610	AATCC	11160	2177	-0.032521	-0.864515
262	GAAAC	11160	3098	-0.021128	-0.884277
449	AAACG	11160	802	-0.10142	-0.934624
692	TATCG	11160	323	0.006252	-0.958272
29	ACGAA	11160	446	-0.136831	-0.960048
286	GCAAC	11160	1567	-0.061738	-1.030916
195	CTCTA	11160	2062	-0.039204	-1.032158
106	TGACA	11160	2920	-0.01422	-1.043361
598	AACTC	11160	2319	-0.024117	-1.063135
581	TGATG	11160	3007	0.028711	-1.066654
428	TCTAG	11160	1529	-0.007433	-1.085059
356	AGTAG	11160	2272	-0.017568	-1.103708
679	TACTC	11160	1693	-0.057845	-1.155542
584	TTACG	11160	426	-0.124809	-1.248556
472	GAATC	11160	1953	-0.037015	-1.27522
284	CTAAG	11160	1889	-0.011014	-1.355622
43	CTCAA	11160	2610	-0.0683	-1.355799
473	GAATG	11160	2933	-0.01463	-1.408877
941	GTTTG	11160	3567	-0.02128	-1.48722
888	GCTTT	11160	3923	-0.022226	-1.579074
535	CTATC	11160	1327	-0.069272	-1.630625
987	TGGTT	11160	3423	-0.005712	-1.635377
966	TCTGT	11160	4410	-0.002881	-1.659276
751	AGTTC	11160	2482	-0.062673	-1.659463
994	TGTTC	11160	3147	-0.048207	-1.68809
192	CGTTA	11160	435	-0.043298	-1.688947
163	AGTCA	11160	2534	-0.033329	-1.692146
603	AAGCT	11160	2974	-0.055822	-1.810773
295	TCAAC	11160	1739	-0.052735	-1.857097
101	GTAGA	11160	2154	-0.049453	-1.85785
269	ACAAG	11160	2542	-0.071207	-1.919423
334	TAGAC	11160	1477	-0.110154	-1.951358
234	TCGTA	11160	361	-0.144241	-1.9859
439	TTCAC	11160	2837	-0.070101	-2.081868
462	CAAGT	11160	2640	-0.074845	-2.123317
587	TTAGG	11160	2268	-0.036388	-2.128497
687	TAGGT	11160	1738	-0.035319	-2.133609
978	TGCTT	11160	4113	-0.02034	-2.143516
761	ATCTG	11160	2972	-0.047081	-2.153488
99	GGATA	11160	1590	-0.054234	-2.182711
776	ATTGG	11160	2288	-0.037059	-2.203398
570	TCAGT	11160	3364	-0.053851	-2.258435
31	AGCAA	11160	3096	-0.079515	-2.259244
725	ACTTG	11160	3140	-0.078622	-2.314107
90	CGATA	11160	298	-0.220721	-2.334032
11	GGAAA	11160	4285	-0.024126	-2.337207
324	GACAT	11160	2239	-0.093049	-2.378013
283	CTAAC	11160	1520	-0.130901	-2.410545
155	ACTGA	11160	2951	-0.059177	-2.440624
768	ATGGT	11160	2614	-0.042356	-2.476231
1008	TTGCT	11160	3928	-0.034083	-2.490476
572	TCATG	11160	2855	-0.06161	-2.575979
1011	TTGGT	11160	3136	-0.035995	-2.584041
358	ATCAC	11160	2261	-0.087631	-2.614159
44	CTGAA	11160	3735	-0.066849	-2.617992
411	GGTAT	11160	1632	-0.100413	-2.660283
128	CATGA	11160	2643	-0.063334	-2.745963
298	TGAAC	11160	2615	-0.092984	-2.903026
852	CTGTT	11160	4141	-0.034046	-2.913652
347	ACTAG	11160	1473	-0.074253	-2.994216
244	TGTCA	11160	3172	-0.065777	-3.023692
1012	TTGTC	11160	2842	-0.056699	-3.080851
459	CAACT	11160	2117	-0.074934	-3.128427
717	ACGTT	11160	816	-0.125608	-3.159882
452	AAAGG	11160	3740	-0.084171	-3.21632
219	GGTTA	11160	1547	-0.060207	-3.222968
597	AACGT	11160	703	-0.131528	-3.27279
135	GAGTA	11160	1715	-0.120598	-3.376987
442	TTGAC	11160	2286	-0.085688	-3.390494
627	CACTT	11160	3386	-0.098098	-3.393485
417	GTGAT	11160	2700	-0.05543	-3.487002
475	TAACC	11160	1694	-0.120863	-3.505552
260	CAAAG	11160	3526	-0.083101	-3.60761
243	TGGTA	11160	2246	-0.089569	-3.709769
359	ATCAG	11160	2818	-0.115964	-3.735823
307	AAGAC	11160	2428	-0.126242	-3.785172
351	AGCAT	11160	2974	-0.081258	-3.803784
305	AACAG	11160	3045	-0.084433	-3.805725
42	CGTAA	11160	431	-0.179932	-4.091487
183	CCTTA	11160	2245	-0.103043	-4.197457
643	CATTC	11160	2766	-0.096734	-4.209397
28	ACCAA	11160	2434	-0.116387	-4.220078
342	ACCAT	11160	2357	-0.142696	-4.22665
691	TATCC	11160	1742	-0.124855	-4.277146
39	CCTAA	11160	2061	-0.142283	-4.300174
103	TCACA	11160	2939	-0.108317	-4.36728
384	CGTAT	11160	422	-0.290457	-4.397754
22	GACAA	11160	2132	-0.123563	-4.529182
112	AACCA	11160	2712	-0.13017	-4.601399
678	TACGT	11160	505	-0.234753	-4.631251
245	TGTGA	11160	3832	-0.079832	-4.65241
391	CTTAC	11160	1870	-0.143064	-4.73402
765	ATGCT	11160	2856	-0.077148	-4.785466
503	ATACG	11160	393	-0.311027	-4.789907
329	GATAG	11160	1445	-0.159982	-5.01568
226	GTTCA	11160	2489	-0.123098	-5.034174
153	ACGTA	11160	506	-0.199	-5.058436
67	CAACA	11160	2453	-0.123573	-5.14521
48	GCTAA	11160	1902	-0.107014	-5.356017
448	AAACC	11160	2966	-0.116417	-5.482593
132	GACTA	11160	1404	-0.134154	-5.563511
227	GTTGA	11160	2381	-0.077376	-5.605074
210	GCTTA	11160	1975	-0.112404	-5.707991
506	ATAGG	11160	1688	-0.148562	-5.80161
995	TGTTG	11160	3778	-0.087114	-5.859519
414	GTCAT	11160	2276	-0.120282	-5.880841
222	GTCTA	11160	1382	-0.127284	-6.266806
361	ATGAC	11160	2128	-0.121347	-6.33164
669	GATGT	11160	2643	-0.09828	-6.531235
7	CCAAA	11160	3624	-0.118369	-6.766188
675	TACCT	11160	2365	-0.124196	-6.816599
463	CAATC	11160	1628	-0.166104	-6.860976
583	TTACC	11160	2004	-0.137869	-6.867123
534	CTAGT	11160	1763	-0.161142	-7.008818
139	TACCA	11160	1999	-0.153705	-7.153378
769	ATGTC	11160	2392	-0.143631	-7.312036
505	ATAGC	11160	1714	-0.187661	-7.58139
608	AAGTG	11160	3431	-0.118969	-7.673456
292	GTAAC	11160	1548	-0.190817	-7.729162
150	ACCTA	11160	1716	-0.137395	-7.75444
375	CCTAT	11160	1761	-0.150363	-7.834354
536	CTATG	11160	1948	-0.175613	-7.980809
91	CTACA	11160	2066	-0.162635	-8.290483
268	ACAAC	11160	1734	-0.190919	-8.436141
320	CATAG	11160	1992	-0.156813	-8.588862
142	TAGCA	11160	2209	-0.150915	-8.707855
752	AGTTG	11160	2901	-0.143671	-8.868538
689	TAGTG	11160	2058	-0.164446	-8.926155
519	CCATT	11160	3179	-0.136049	-9.124462
437	TGTAG	11160	2772	-0.143446	-9.129898
87	CCATA	11160	1852	-0.172157	-9.197535
259	CAAAC	11160	2617	-0.184526	-9.21946
115	AAGCA	11160	3477	-0.171713	-9.34536
614	AATGG	11160	3004	-0.121768	-9.54458
279	CCAAT	11160	1950	-0.192237	-9.687559
750	AGTGT	11160	3063	-0.159038	-9.881176
328	GATAC	11160	1328	-0.220478	-10.244285
695	TATGG	11160	1986	-0.209233	-10.700604
464	CAATG	11160	2308	-0.179788	-10.910838
432	TGCAT	11160	3148	-0.150857	-11.231599
688	TAGTC	11160	1506	-0.19545	-11.385493
402	GCTAT	11160	1855	-0.172194	-11.464129
332	TACAG	11160	2822	-0.175279	-11.490516
346	ACTAC	11160	1401	-0.186753	-11.527852
561	GTAGT	11160	1908	-0.162622	-11.607186
10	GCAAA	11160	3292	-0.17077	-11.620366
486	ACACT	11160	2669	-0.204752	-11.658142
52	GTCAA	11160	1743	-0.177678	-11.709021
1013	TTGTG	11160	4031	-0.135433	-11.831688
599	AACTG	11160	3248	-0.171214	-11.850318
644	CATTG	11160	2956	-0.162832	-11.920289
451	AAAGC	11160	3387	-0.18289	-12.261146
53	GTGAA	11160	3117	-0.180148	-12.322278
775	ATTGC	11160	2445	-0.196132	-12.492143
123	CACTA	11160	1702	-0.22301	-12.827989
563	GTATG	11160	2020	-0.191092	-12.857983
355	AGTAC	11160	1444	-0.264947	-12.986193
491	ACATG	11160	2907	-0.20621	-13.143582
76	ACACA	11160	2942	-0.213544	-13.301606
933	GTGTT	11160	3469	-0.167789	-13.313805
489	ACAGT	11160	3166	-0.209666	-13.500436
636	CAGTT	11160	3525	-0.186551	-13.713095
1018	TTTGC	11160	3966	-0.160199	-13.800823
240	TGCTA	11160	2426	-0.203213	-14.837126
993	TGTGT	11160	4313	-0.155269	-15.357005
418	GTTAC	11160	1675	-0.242205	-15.88023
562	GTATC	11160	1518	-0.264363	-16.054124
642	CATGT	11160	3274	-0.201906	-16.104793
169	ATGCA	11160	3076	-0.19757	-16.136271
546	GCATT	11160	3055	-0.187766	-16.200679
478	TAAGC	11160	1842	-0.267362	-16.258506
502	ATACC	11160	1558	-0.264921	-16.278569
501	AGATT	11160	3278	-0.199296	-16.777263
770	ATGTG	11160	3605	-0.186756	-16.99089
694	TATGC	11160	1860	-0.232057	-17.343931
319	CATAC	11160	1610	-0.292596	-17.977855
939	GTTGT	11160	2803	-0.222621	-18.215784
126	CAGTA	11160	2567	-0.272461	-19.270798
288	GCAAT	11160	2051	-0.269034	-19.32319
250	TTGCA	11160	3451	-0.226236	-19.567704
558	GTACT	11160	1723	-0.309292	-19.57348
110	TTAGA	11160	2899	-0.223148	-19.781198
613	AATGC	11160	2881	-0.228203	-19.867077
58	TGCAA	11160	3225	-0.221849	-20.294198
680	TACTG	11160	2688	-0.218226	-20.574586
365	ATTAG	11160	2199	-0.273847	-20.745021
19	CACAA	11160	2705	-0.297847	-21.483144
96	GCATA	11160	1784	-0.29978	-21.626706
138	GATTA	11160	2214	-0.275781	-22.626177
723	ACTGT	11160	3649	-0.234358	-23.001857
309	AAGAT	11160	3284	-0.254443	-23.121341
364	ATTAC	11160	2244	-0.306855	-25.385063
762	ATCTT	11160	3412	-0.25748	-25.565986
304	AACAC	11160	2458	-0.30719	-26.091761
331	TACAC	11160	1770	-0.380345	-26.422288
30	ACTAA	11160	2236	-0.310627	-26.662306
74	TAAGA	11160	2871	-0.260857	-28.734849
141	TACTA	11160	1820	-0.337109	-28.763257
198	CTGTA	11160	3517	-0.261654	-29.563957
474	GAATT	11160	3452	-0.259907	-30.493502
315	CACAT	11160	2950	-0.308522	-30.896697
774	ATTCT	11160	3916	-0.280839	-31.355191
273	AGAAT	11160	3768	-0.263749	-31.456987
336	TAGAT	11160	2222	-0.33603	-31.458696
481	TAATC	11160	2162	-0.352539	-31.758699
1005	TTCTT	11160	5488	-0.276288	-32.250775
588	TTAGT	11160	2590	-0.292594	-32.302046
1017	TTTCT	11160	6433	-0.274035	-32.42
100	GTACA	11160	2140	-0.3293	-32.5682
360	ATCAT	11160	2678	-0.323223	-32.614547
26	TAGAA	11160	3190	-0.31533	-33.20545
672	GATTT	11160	4108	-0.272133	-33.586726
969	TCTTT	11160	5458	-0.278253	-35.083643
616	AATTC	11160	3019	-0.314046	-35.309846
693	TATCT	11160	2661	-0.316849	-36.686982
429	TCTAT	11160	2466	-0.347667	-37.159714
254	TTTGA	11160	4705	-0.301474	-37.203074
249	TTCTA	11160	3266	-0.304455	-37.281161
477	TAACT	11160	2717	-0.350203	-37.320862
585	TTACT	11160	3162	-0.30026	-37.787226
681	TACTT	11160	3212	-0.298675	-38.15452
393	CTTAT	11160	2559	-0.357087	-38.530631
62	TTGAA	11160	4373	-0.312743	-38.747733
446	TTTAG	11160	3603	-0.320148	-39.043118
237	TCTTA	11160	3203	-0.309232	-39.36608
165	AGTTA	11160	2665	-0.336169	-39.520465
363	ATGAT	11160	2672	-0.336758	-39.542357
589	TTATC	11160	2333	-0.351311	-39.682872
301	TTAAC	11160	2598	-0.35703	-39.778599
168	ATCTA	11160	1883	-0.423912	-39.907982
24	GATAA	11160	2221	-0.369352	-40.036241
285	CTAAT	11160	2355	-0.334231	-40.054062
480	TAAGT	11160	2665	-0.363622	-40.236429
225	GTGTA	11160	2451	-0.392783	-41.395391
690	TAGTT	11160	2798	-0.348358	-41.629735
778	ATTTC	11160	4394	-0.327803	-41.640878
582	TGATT	11160	3666	-0.314643	-41.658063
441	TTCAT	11160	4138	-0.322161	-41.728319
146	TATGA	11160	2535	-0.360755	-41.993639
508	ATATC	11160	2089	-0.388293	-42.111219
173	ATTGA	11160	2829	-0.332008	-42.122441
600	AACTT	11160	3736	-0.345304	-42.746977
444	TTGAT	11160	3159	-0.319731	-43.163864
156	ACTTA	11160	2557	-0.356516	-43.289882
144	TAGTA	11160	2041	-0.382773	-44.293132
34	ATCAA	11160	2282	-0.401165	-45.269979
83	ATAGA	11160	2602	-0.400807	-45.339383
330	GATAT	11160	2128	-0.406355	-45.496628
253	TTTCA	11160	5181	-0.329479	-45.741734
275	ATAAG	11160	2300	-0.399368	-46.001775
114	AACTA	11160	2253	-0.426027	-46.324524
119	AATGA	11160	3780	-0.373211	-46.465593
105	TCATA	11160	2511	-0.396798	-47.225114
697	TATTC	11160	2695	-0.366128	-47.500722
57	TCTAA	11160	2806	-0.36613	-47.512529
612	AATCT	11160	3139	-0.390029	-47.936271
311	AATAG	11160	2566	-0.398014	-48.427284
5	AGAAA	11160	5551	-0.368847	-48.506833
436	TGTAC	11160	2517	-0.398158	-48.567593
35	ATGAA	11160	3829	-0.364963	-49.63682
108	TGATA	11160	2471	-0.393339	-49.670461
573	TCATT	11160	4049	-0.358139	-49.982128
9	CTAAA	11160	3171	-0.386003	-50.299974
145	TATCA	11160	2381	-0.422765	-50.317979
17	AAGAA	11160	4789	-0.347966	-50.94565
33	AGTAA	11160	2722	-0.421419	-52.262983
61	TTCAA	11160	3740	-0.395113	-52.409199
201	CTTTA	11160	3747	-0.385241	-53.275571
172	ATTCA	11160	3334	-0.385812	-53.698509
118	AATCA	11160	3109	-0.404729	-54.327585
81	AGATA	11160	2577	-0.434026	-54.625411
420	GTTAT	11160	2391	-0.399252	-55.492812
348	ACTAT	11160	1981	-0.478492	-55.727905
93	CTATA	11160	1946	-0.480338	-56.214256
753	AGTTT	11160	4311	-0.375684	-56.366135
338	TATAG	11160	2195	-0.457801	-56.692467
117	AAGTA	11160	2958	-0.41692	-58.11384
726	ACTTT	11160	4709	-0.405731	-58.121308
1014	TTGTT	11160	4920	-0.358799	-59.322854
45	CTTAA	11160	3169	-0.403804	-60.21687
454	AAATC	11160	3312	-0.418053	-60.326709
537	CTATT	11160	2818	-0.419676	-60.687675
302	TTAAG	11160	3259	-0.422971	-60.697888
274	ATAAC	11160	2016	-0.496548	-60.732878
590	TTATG	11160	3122	-0.39414	-60.900417
507	ATAGT	11160	2207	-0.45762	-60.901975
25	TACAA	11160	2791	-0.441319	-61.479029
297	TCAAT	11160	2314	-0.452747	-61.506386
504	ATACT	11160	2413	-0.424704	-61.975893
109	TTACA	11160	3286	-0.437772	-62.157748
482	TAATG	11160	3070	-0.445523	-64.171039
609	AAGTT	11160	3553	-0.39975	-65.096302
264	GAAAT	11160	4207	-0.408303	-65.170612
300	TGAAT	11160	3767	-0.395635	-66.004903
294	GTAAT	11160	2688	-0.444201	-66.215381
779	ATTTG	11160	4560	-0.403223	-66.85738
617	AATTG	11160	3332	-0.410659	-67.18182
1021	TTTTC	11160	6113	-0.377718	-67.516434
465	CAATT	11160	2667	-0.467685	-68.33116
1020	TTTGT	11160	5823	-0.388247	-68.938898
996	TGTTT	11160	5972	-0.389366	-69.247969
357	AGTAT	11160	2776	-0.452127	-69.971462
73	TAACA	11160	2690	-0.494021	-70.095873
445	TTTAC	11160	3287	-0.432625	-70.573928
261	CAAAT	11160	3751	-0.446181	-70.611188
54	GTTAA	11160	2658	-0.470084	-70.940384
65	AAAGA	11160	4817	-0.445345	-71.047163
861	CTTTT	11160	6020	-0.421404	-71.087461
14	TGAAA	11160	5073	-0.435864	-71.405421
450	AAACT	11160	4083	-0.444515	-73.016637
16	AACAA	11160	3473	-0.478037	-74.30455
228	GTTTA	11160	3187	-0.454098	-74.353777
72	GAATA	11160	2666	-0.477996	-74.356771
270	ACAAT	11160	2545	-0.513277	-74.459419
942	GTTTT	11160	5598	-0.419641	-76.254523
337	TATAC	11160	1974	-0.573632	-76.525042
21	CATAA	11160	2511	-0.527317	-76.866415
13	TCAAA	11160	3677	-0.494114	-79.761428
306	AACAT	11160	3471	-0.499354	-81.51891
771	ATGTT	11160	4218	-0.462886	-81.899213
645	CATTT	11160	5382	-0.455001	-81.982283
310	AATAC	11160	2515	-0.535619	-82.482263
698	TATTG	11160	2975	-0.468279	-82.679111
564	GTATT	11160	3366	-0.478916	-84.42733
246	TGTTA	11160	3511	-0.471567	-84.938364
1022	TTTTG	11160	6145	-0.456847	-86.518732
129	CATTA	11160	2717	-0.550479	-87.014593
509	ATATG	11160	2848	-0.543167	-90.974717
69	CAATA	11160	2258	-0.604739	-92.618002
321	CATAT	11160	2702	-0.555581	-94.684838
4	ACAAA	11160	4163	-0.541246	-95.610472
777	ATTGT	11160	3638	-0.479926	-96.089967
82	ATACA	11160	2849	-0.585234	-96.18418
252	TTGTA	11160	4102	-0.477613	-96.91407
696	TATGT	11160	3436	-0.516304	-97.317982
1	CAAAA	11160	4673	-0.549586	-102.87104
453	AAAGT	11160	4165	-0.51898	-104.905616
333	TACAT	11160	2999	-0.589678	-106.325079
2	GAAAA	11160	5341	-0.531012	-108.653136
60	TGTAA	11160	4121	-0.529033	-109.352176
492	ACATT	11160	3945	-0.552604	-110.353492
102	GTATA	11160	2467	-0.624379	-117.241739
615	AATGT	11160	4392	-0.560682	-119.594278
78	ACATA	11160	2710	-0.660877	-121.834885
266	TAAAG	11160	3765	-0.562752	-124.085009
256	AAAAC	11160	4252	-0.594149	-129.095986
265	TAAAC	11160	2793	-0.636945	-130.478596
12	GTAAA	11160	3300	-0.602748	-130.705315
257	AAAAG	11160	5241	-0.589291	-134.969225
64	AAACA	11160	4525	-0.60175	-135.358016
455	AAATG	11160	5376	-0.573615	-138.173431
171	ATGTA	11160	3473	-0.628096	-139.634493
483	TAATT	11160	4200	-0.598999	-140.353497
438	TGTAT	11160	4114	-0.605959	-146.04003
120	AATTA	11160	3832	-0.701378	-175.243327
303	TTAAT	11160	4117	-0.669508	-175.749655
1023	TTTTT	11160	6645	-0.684536	-178.134188
366	ATTAT	11160	3646	-0.695911	-180.591229
276	ATAAT	11160	3483	-0.720446	-181.08579
147	TATTA	11160	3302	-0.734632	-183.743475
618	AATTT	11160	5402	-0.696413	-195.622138
111	TTATA	11160	3778	-0.72335	-195.851397
591	TTATT	11160	5168	-0.713952	-207.529657
84	ATATA	11160	3274	-0.796812	-210.813242
174	ATTTA	11160	4802	-0.735315	-211.590325
339	TATAT	11160	3663	-0.771577	-216.552789
456	AAATT	11160	5236	-0.757769	-224.124958
27	TATAA	11160	3493	-0.802333	-226.85708
447	TTTAT	11160	5596	-0.736791	-227.676627
75	TAATA	11160	3163	-0.821831	-230.155958
510	ATATT	11160	4493	-0.760613	-235.880309
699	TATTT	11160	6202	-0.764176	-240.539121
312	AATAT	11160	4232	-0.792679	-245.945339
255	TTTTA	11160	6617	-0.792938	-250.660529
780	ATTTT	11160	7014	-0.800355	-251.76796
36	ATTAA	11160	3786	-0.838783	-254.092246
63	TTTAA	11160	6051	-0.830983	-283.863357
0	AAAAA	11160	5455	-0.838172	-284.53215
3	TAAAA	11160	5974	-0.992921	-Inf
6	ATAAA	11160	4880	-1.152118	-Inf
15	TTAAA	11160	5922	-0.931882	-Inf
18	AATAA	11160	4537	-1.080916	-Inf
66	AAATA	11160	5397	-0.962139	-Inf
258	AAAAT	11160	6297	-0.895137	-Inf
267	TAAAT	11160	4756	-0.916446	-Inf
