position	kmer_seq	n_total_seq	n_with_match	median_diff	log10_p_value
515	CCAGG	11045	3291	0.82288	133.698842
803	CCTGG	11045	3546	0.797796	128.649595
848	CTGGG	11045	3730	0.769534	126.662328
898	GGGCC	11045	1990	0.897774	126.004057
889	GGCCC	11045	1967	0.8897	119.239507
368	CCCAG	11045	3734	0.735151	114.593049
514	CCAGC	11045	3187	0.752233	114.394925
799	CCTCC	11045	3210	0.748733	108.53763
862	GCCCC	11045	2187	0.841409	104.023189
835	CTCCC	11045	3288	0.715764	101.511895
901	GGGGC	11045	2139	0.841289	100.460382
880	GCTCC	11045	2085	0.817592	99.382553
551	GGAGG	11045	2992	0.71671	98.941313
891	GGCCT	11045	2437	0.773604	96.104784
407	GGGAG	11045	3117	0.690344	95.10319
844	CTGCC	11045	3172	0.719726	94.981689
628	CAGCC	11045	3205	0.705386	94.513412
884	GCTGG	11045	3033	0.697441	94.105022
542	GCAGG	11045	2637	0.737706	94.044006
802	CCTGC	11045	3022	0.710841	93.728499
788	CCCTG	11045	3214	0.708366	93.27349
632	CAGGG	11045	2917	0.729676	91.701127
900	GGGCT	11045	2422	0.761063	89.029978
896	GGCTG	11045	3074	0.691747	88.887158
869	GCCTG	11045	3005	0.714952	87.742532
847	CTGGC	11045	2672	0.725595	87.000371
787	CCCTC	11045	2719	0.727921	85.574481
659	GAGGG	11045	2689	0.704818	84.288808
404	GGCAG	11045	3013	0.659988	83.893193
979	TGGCC	11045	2686	0.683189	83.06753
983	TGGGG	11045	3297	0.652143	82.13645
631	CAGGC	11045	2685	0.699126	82.132137
550	GGAGC	11045	2038	0.743136	78.716354
868	GCCTC	11045	2634	0.691639	78.550775
864	GCCCT	11045	2456	0.703109	77.959023
982	TGGGC	11045	2557	0.672693	77.296011
727	AGCCC	11045	2441	0.673827	75.259251
658	GAGGC	11045	2391	0.65927	73.878754
895	GGCTC	11045	2157	0.696997	72.579378
883	GCTGC	11045	2649	0.669196	72.386672
175	CCCCA	11045	3144	0.678586	72.18191
808	CGCCC	11045	796	1.010082	71.572696
511	CCACC	11045	2715	0.652873	70.486852
202	GCCCA	11045	2582	0.658574	70.284944
633	CAGGT	11045	2623	0.647093	69.556852
783	CCCCT	11045	2673	0.643867	67.392275
743	AGGTG	11045	2791	0.616122	67.384997
655	GAGCC	11045	2252	0.647009	65.249518
739	AGGGC	11045	2238	0.693793	64.796528
837	CTCCT	11045	3495	0.582401	64.58726
785	CCCGG	11045	937	0.855261	64.344029
395	GCCAG	11045	2775	0.613716	63.296996
905	GGGTG	11045	2357	0.634585	63.036874
367	CCCAC	11045	2617	0.641261	61.482715
943	TCCCC	11045	2872	0.623264	61.431142
817	CGGCC	11045	723	0.954944	61.164382
416	GTGAG	11045	2523	0.62189	60.700956
353	AGGAG	11045	3142	0.558472	60.487692
970	TGCCC	11045	2715	0.626684	59.958638
125	CAGGA	11045	3270	0.541233	59.788623
853	CTTCC	11045	3461	0.543377	59.175145
790	CCGCC	11045	892	0.887177	59.146462
422	TCCAG	11045	3268	0.564693	59.11674
929	GTGGG	11045	2652	0.591473	59.082174
736	AGGCC	11045	2355	0.618964	58.884393
911	GGTGG	11045	2685	0.588885	58.845135
740	AGGGG	11045	2567	0.596698	58.651039
793	CCGGC	11045	700	0.923197	58.339458
961	TCTCC	11045	3317	0.557401	58.331307
781	CCCCC	11045	1939	0.705543	57.989507
214	GGGCA	11045	2487	0.616416	56.97012
434	TGGAG	11045	3267	0.563223	56.880411
950	TCCTG	11045	3808	0.535654	56.750081
794	CCGGG	11045	857	0.831931	55.934011
820	CGGGC	11045	701	0.88325	55.37197
406	GGGAC	11045	1777	0.680036	55.360476
784	CCCGC	11045	828	0.871336	54.754709
782	CCCCG	11045	1009	0.818198	54.593294
805	CCTTC	11045	3072	0.560189	54.15756
842	CTCTG	11045	3863	0.519326	53.387316
801	CCTCT	11045	3416	0.537954	53.347537
800	CCTCG	11045	795	0.911997	53.341389
821	CGGGG	11045	831	0.881915	53.336079
547	GGACC	11045	1485	0.696212	52.982396
890	GGCCG	11045	725	0.892295	52.967663
619	CACCC	11045	2418	0.597002	52.324066
902	GGGGG	11045	1827	0.621425	52.126247
863	GCCCG	11045	706	0.860832	51.59636
541	GCAGC	11045	2379	0.587163	51.537988
326	GAGAG	11045	2664	0.515209	51.32157
193	CTCCA	11045	3159	0.519824	51.260431
98	GGAGA	11045	3052	0.510826	51.090547
949	TCCTC	11045	3002	0.534802	50.898387
729	AGCCT	11045	3110	0.529807	50.78482
578	TGAGG	11045	3082	0.523907	50.747913
846	CTGCT	11045	3630	0.515824	50.074533
497	AGAGG	11045	3136	0.506631	49.746832
470	GAAGG	11045	2914	0.514501	49.526559
215	GGGGA	11045	2703	0.511403	49.060582
211	GGCCA	11045	2564	0.549973	48.839903
841	CTCTC	11045	2880	0.512335	48.75108
657	GAGCT	11045	2411	0.548565	48.055021
916	GTCCC	11045	1999	0.589932	47.522598
903	GGGGT	11045	2110	0.569599	47.303039
218	GGTGA	11045	2372	0.517972	47.294635
865	GCCGC	11045	595	0.939037	47.074518
290	GGAAG	11045	3284	0.493296	46.830696
242	TGGGA	11045	3672	0.511267	46.082587
630	CAGCT	11045	3452	0.487845	45.197886
836	CTCCG	11045	723	0.846992	44.85611
839	CTCGG	11045	802	0.832124	44.838668
660	GAGGT	11045	2189	0.494896	44.605279
904	GGGTC	11045	1528	0.620213	44.298875
317	CAGAG	11045	3601	0.47123	44.254151
371	CCGAG	11045	791	0.80066	44.148617
944	TCCCG	11045	841	0.795146	43.537438
928	GTGGC	11045	2502	0.549839	43.230111
646	GACCC	11045	1560	0.581489	42.806743
815	CGCTG	11045	819	0.788469	42.522785
569	TCAGG	11045	2858	0.488517	41.663835
86	CCAGA	11045	3035	0.464118	41.522658
910	GGTGC	11045	1754	0.57994	41.199351
866	GCCGG	11045	653	0.830087	41.155947
197	CTGGA	11045	3208	0.460085	40.86774
700	ACCCC	11045	2037	0.56707	40.773719
496	AGAGC	11045	2506	0.502027	40.75889
389	CTGAG	11045	3418	0.457914	40.757602
734	AGCTG	11045	3557	0.46622	40.58191
134	GAGGA	11045	2828	0.480927	40.507505
875	GCGGG	11045	685	0.813943	39.939407
161	AGGGA	11045	3141	0.462798	39.790545
229	TCCCA	11045	3644	0.417623	38.954666
871	GCGCC	11045	527	0.809354	38.608683
945	TCCCT	11045	3370	0.457994	38.382718
386	CTCAG	11045	3472	0.441076	38.208357
728	AGCCG	11045	716	0.86367	37.856426
380	CGGAG	11045	703	0.801742	37.321802
874	GCGGC	11045	465	0.96701	37.191032
733	AGCTC	11045	2384	0.469163	37.160131
524	CGAGG	11045	751	0.76392	37.033092
965	TCTGG	11045	3166	0.441007	36.619152
738	AGGCT	11045	2926	0.439025	35.942988
857	CTTGG	11045	3140	0.447009	35.819588
907	GGTCC	11045	1446	0.56071	35.656886
403	GGCAC	11045	1806	0.508975	35.439355
882	GCTCT	11045	2591	0.469099	35.312862
893	GGCGG	11045	695	0.74256	34.318631
182	CCTGA	11045	3034	0.448831	34.22084
648	GACCT	11045	1993	0.522685	34.11158
350	AGCAG	11045	3150	0.405216	33.806812
538	GCACC	11045	1714	0.545742	33.659361
984	TGGGT	11045	2609	0.44373	33.365194
810	CGCCT	11045	832	0.726597	33.292206
806	CCTTG	11045	3044	0.436051	33.107866
352	AGGAC	11045	2047	0.482624	33.096746
188	CGGGA	11045	622	0.749786	33.030451
819	CGGCT	11045	671	0.71985	33.000766
488	ACAGG	11045	2625	0.424	32.793474
892	GGCGC	11045	532	0.80084	32.772117
826	CGTCC	11045	551	0.873613	32.421708
394	GCCAC	11045	2335	0.48808	32.03711
656	GAGCG	11045	527	0.849363	31.634589
976	TGCTC	11045	2525	0.449035	31.470082
796	CCGTC	11045	608	0.874233	31.420109
791	CCGCG	11045	287	0.968178	31.270098
629	CAGCG	11045	706	0.723373	31.189506
160	AGGCA	11045	3017	0.383678	31.084413
947	TCCGG	11045	512	0.86781	31.011634
620	CACCG	11045	678	0.757355	30.600708
668	GATGG	11045	2330	0.468506	30.333287
899	GGGCG	11045	643	0.728068	29.835533
812	CGCGG	11045	244	1.050619	29.721768
981	TGGCT	11045	3258	0.437882	29.366287
652	GACTC	11045	1718	0.476414	29.25769
370	CCGAC	11045	417	0.859756	29.238688
964	TCTGC	11045	3031	0.381557	28.853333
176	CCCGA	11045	673	0.675373	28.76942
845	CTGCG	11045	634	0.712126	28.603609
830	CGTGG	11045	905	0.636708	28.368544
388	CTGAC	11045	2255	0.436658	28.123676
792	CCGCT	11045	597	0.722728	28.058511
461	CAAGG	11045	2527	0.383826	28.022277
742	AGGTC	11045	1835	0.419834	27.599685
621	CACCT	11045	2824	0.421018	27.463676
789	CCCTT	11045	3175	0.357357	27.410378
956	TCGGG	11045	565	0.798555	27.387675
179	CCGGA	11045	478	0.832373	27.273847
133	GAGCA	11045	2432	0.385673	27.212447
97	GGACA	11045	2209	0.445798	27.008351
814	CGCTC	11045	539	0.743199	26.731203
731	AGCGG	11045	516	0.802134	26.657444
623	CACGG	11045	680	0.689774	26.600937
377	CGCAG	11045	638	0.718079	26.406209
206	GCGGA	11045	474	0.785364	26.31633
955	TCGGC	11045	534	0.732663	26.240472
713	ACGGG	11045	554	0.711576	26.120306
577	TGAGC	11045	2509	0.370287	26.115028
323	GACAG	11045	2581	0.359418	25.932268
838	CTCGC	11045	546	0.794016	25.893931
849	CTGGT	11045	2845	0.40037	25.787548
95	GCAGA	11045	2891	0.381367	25.751219
341	ACCAG	11045	2540	0.383153	25.294161
850	CTGTC	11045	2914	0.362866	24.919192
520	CGACC	11045	334	0.840554	24.906027
918	GTCCT	11045	2372	0.399371	24.819076
741	AGGGT	11045	2300	0.38324	24.790496
548	GGACG	11045	417	0.857399	24.56161
977	TGCTG	11045	3905	0.376764	24.296844
512	CCACG	11045	849	0.643644	24.042815
181	CCTCA	11045	3073	0.361065	24.023125
881	GCTCG	11045	490	0.714138	23.817256
797	CCGTG	11045	874	0.635784	23.774926
704	ACCGG	11045	358	0.866614	23.583496
706	ACCTC	11045	2371	0.399258	23.566448
549	GGACT	11045	2054	0.396903	23.516573
413	GTCAG	11045	2325	0.364432	23.266219
809	CGCCG	11045	259	0.888437	23.107149
730	AGCGC	11045	469	0.76628	22.898188
972	TGCCT	11045	3690	0.341446	22.825701
707	ACCTG	11045	2884	0.356729	22.728783
702	ACCCT	11045	2358	0.387516	22.720572
997	TTCCC	11045	3503	0.336361	22.534287
398	GCGAG	11045	473	0.75125	22.431371
637	CATCC	11045	2201	0.384502	22.176591
822	CGGGT	11045	531	0.688686	22.068322
124	CAGCA	11045	3342	0.315019	22.054223
574	TGACC	11045	2158	0.384339	22.046008
431	TGCAG	11045	3594	0.36119	21.932448
980	TGGCG	11045	674	0.618321	21.838975
974	TGCGG	11045	528	0.703341	21.650979
650	GACGG	11045	536	0.667511	21.644937
737	AGGCG	11045	726	0.586077	21.61588
886	GCTTC	11045	2524	0.387669	21.608395
325	GAGAC	11045	2241	0.358805	21.447695
187	CGGCA	11045	490	0.739571	21.358952
818	CGGCG	11045	212	1.046114	21.1572
952	TCGCC	11045	492	0.708036	21.029926
379	CGGAC	11045	340	0.913029	21.016056
824	CGGTG	11045	598	0.65175	20.91861
1010	TTGGG	11045	3278	0.342784	20.748414
203	GCCGA	11045	526	0.694374	20.636297
552	GGAGT	11045	2296	0.356821	20.625968
786	CCCGT	11045	691	0.673777	20.571866
278	CCAAG	11045	2904	0.296941	20.429967
513	CCACT	11045	2704	0.357609	20.409478
647	GACCG	11045	369	0.765705	20.006926
224	GTGGA	11045	2537	0.35214	19.887172
233	TCGGA	11045	437	0.752437	19.850358
554	GGATG	11045	2200	0.346152	19.828228
517	CCATC	11045	2443	0.330028	19.770592
622	CACGC	11045	690	0.635027	19.616964
988	TGTCC	11045	2615	0.355534	19.477223
873	GCGCT	11045	496	0.729281	19.413852
877	GCGTC	11045	396	0.738369	19.354769
162	AGGTA	11045	1834	0.30986	19.211245
568	TCAGC	11045	2835	0.335675	19.028615
867	GCCGT	11045	543	0.666241	18.813499
887	GCTTG	11045	2277	0.403313	18.727194
722	ACTGG	11045	2599	0.330268	18.702567
469	GAAGC	11045	2407	0.341707	18.633163
795	CCGGT	11045	412	0.674923	18.510489
718	ACTCC	11045	2276	0.302556	18.413304
909	GGTCT	11045	2129	0.353826	18.303413
992	TGTGG	11045	3469	0.328409	18.297384
709	ACGCC	11045	529	0.668413	18.021185
184	CGCCA	11045	554	0.592076	17.925143
664	GATCC	11045	1362	0.41048	17.787031
493	AGACC	11045	1981	0.342253	17.728906
804	CCTGT	11045	3431	0.308976	17.566711
208	GCTCA	11045	2327	0.331417	17.53973
539	GCACG	11045	625	0.542366	17.373494
897	GGCTT	11045	2595	0.329362	17.355766
811	CGCGC	11045	216	0.842313	17.15372
870	GCCTT	11045	2879	0.280337	17.152313
523	CGAGC	11045	468	0.662996	17.114833
605	AAGGG	11045	2796	0.288136	16.802999
878	GCGTG	11045	759	0.498384	16.514893
565	TCACC	11045	2344	0.330933	16.492654
745	AGTCC	11045	1935	0.317041	16.484709
185	CGCGA	11045	139	0.962551	16.355261
926	GTGCG	11045	516	0.651804	16.283746
196	CTGCA	11045	3493	0.296605	16.245937
971	TGCCG	11045	589	0.621346	16.228735
701	ACCCG	11045	562	0.566794	16.206004
954	TCGCT	11045	573	0.608968	16.037708
553	GGATC	11045	1275	0.393971	15.804267
925	GTGCC	11045	2152	0.359918	15.753488
712	ACGGC	11045	421	0.665993	15.716505
855	CTTCT	11045	4005	0.298402	15.671028
923	GTCTG	11045	2454	0.306055	15.473011
212	GGCGA	11045	444	0.557128	15.448653
209	GCTGA	11045	2693	0.282871	15.408384
662	GAGTG	11045	2355	0.32046	15.293959
854	CTTCG	11045	585	0.578317	15.018867
829	CGTGC	11045	649	0.540102	15.013053
217	GGTCA	11045	1964	0.307543	15.000699
316	CAGAC	11045	2238	0.309065	14.982924
230	TCCGA	11045	410	0.715883	14.930531
986	TGGTG	11045	3018	0.287153	14.835868
157	AGCCA	11045	3209	0.292876	14.751975
703	ACCGC	11045	459	0.702149	14.70498
872	GCGCG	11045	182	0.871929	14.437323
946	TCCGC	11045	482	0.593519	14.331684
749	AGTGG	11045	2823	0.25545	13.889045
828	CGTCT	11045	714	0.485624	13.681791
649	GACGC	11045	392	0.680773	13.598512
121	CACCA	11045	2580	0.279447	13.595848
973	TGCGC	11045	440	0.509759	13.539579
41	CGGAA	11045	492	0.608135	13.302155
410	GGTAG	11045	1540	0.273889	13.29629
948	TCCGT	11045	633	0.562208	13.225341
216	GGGTA	11045	1409	0.296323	13.160747
178	CCGCA	11045	547	0.561688	13.13987
433	TGGAC	11045	1907	0.283102	13.137354
604	AAGGC	11045	2416	0.259951	13.011033
634	CAGTC	11045	2222	0.263223	12.754599
487	ACAGC	11045	2466	0.259988	12.737887
50	GGGAA	11045	3223	0.26044	12.734498
466	GAACC	11045	1685	0.311674	12.723508
843	CTCTT	11045	3841	0.228586	12.721286
289	GGAAC	11045	1889	0.279526	12.70979
408	GGGAT	11045	2188	0.269796	12.70836
894	GGCGT	11045	578	0.50407	12.670286
917	GTCCG	11045	335	0.711013	12.631925
205	GCGCA	11045	447	0.536134	12.59679
912	GGTGT	11045	2270	0.303275	12.503985
89	CGAGA	11045	666	0.42728	12.449855
641	CATGG	11045	2543	0.285585	12.351445
314	CACAG	11045	3264	0.259497	12.193593
272	AGAAG	11045	3607	0.216502	12.135122
710	ACGCG	11045	148	0.897778	12.086825
385	CTCAC	11045	2495	0.274433	12.020119
906	GGGTT	11045	2278	0.277253	11.998375
856	CTTGC	11045	2421	0.2922	11.922256
951	TCCTT	11045	3990	0.241958	11.908381
661	GAGTC	11045	1719	0.290463	11.862169
920	GTCGG	11045	357	0.529592	11.846083
922	GTCTC	11045	2505	0.283059	11.830166
322	GACAC	11045	1747	0.287794	11.785173
967	TCTTC	11045	3632	0.203242	11.709256
1000	TTCGC	11045	357	0.591315	11.663831
287	GCAAG	11045	2115	0.270896	11.625513
885	GCTGT	11045	3132	0.287668	11.60838
653	GACTG	11045	2367	0.267349	11.563935
130	GACCA	11045	2020	0.270239	11.424364
999	TTCCT	11045	4456	0.228409	11.056302
840	CTCGT	11045	554	0.433333	11.041444
767	ATGGG	11045	2255	0.272093	11.008662
1009	TTGGC	11045	2536	0.267686	10.936613
369	CCCAT	11045	2559	0.222336	10.886311
238	TGCCA	11045	3254	0.247665	10.855296
421	TCCAC	11045	2272	0.209446	10.78847
998	TTCCG	11045	610	0.502921	10.754672
908	GGTCG	11045	345	0.556285	10.730131
754	ATCCC	11045	2062	0.253358	10.490749
711	ACGCT	11045	497	0.530668	10.460645
525	CGAGT	11045	501	0.481111	10.451993
601	AAGCC	11045	2486	0.248714	10.371649
1001	TTCGG	11045	501	0.493061	10.222303
241	TGGCA	11045	2998	0.206862	10.206358
494	AGACG	11045	644	0.435835	10.202566
625	CACTC	11045	2336	0.237758	10.103386
963	TCTCT	11045	3890	0.207221	9.961354
148	ACCCA	11045	2451	0.227176	9.770678
533	CTAGG	11045	1598	0.299084	9.582548
80	AGAGA	11045	3496	0.198863	9.474479
293	GTAAG	11045	1777	0.199067	9.429382
575	TGACG	11045	546	0.414332	9.370651
934	GTTCC	11045	2016	0.275157	9.289094
913	GGTTC	11045	1734	0.274351	9.2709
152	ACGGA	11045	479	0.49885	9.178588
667	GATGC	11045	1910	0.241718	9.120171
397	GCGAC	11045	283	0.634502	8.949963
851	CTGTG	11045	4068	0.21266	8.8664
381	CGGAT	11045	324	0.492903	8.856023
522	CGACT	11045	416	0.546984	8.615282
816	CGCTT	11045	581	0.452728	8.614518
344	ACGAG	11045	491	0.375994	8.396169
220	GTCCA	11045	1843	0.242942	8.367374
927	GTGCT	11045	2656	0.252246	8.334927
635	CAGTG	11045	3661	0.184624	8.273492
374	CCTAG	11045	1809	0.232709	8.258368
798	CCGTT	11045	543	0.491202	8.096345
938	GTTGG	11045	2401	0.27559	7.996151
425	TCGAG	11045	659	0.314087	7.946126
813	CGCGT	11045	147	0.751298	7.934044
876	GCGGT	11045	370	0.52517	7.869282
544	GCATC	11045	1692	0.236988	7.841326
732	AGCGT	11045	585	0.47995	7.82779
596	AACGG	11045	416	0.400822	7.682539
719	ACTCG	11045	512	0.465971	7.477883
953	TCGCG	11045	121	0.700123	7.355938
149	ACCGA	11045	436	0.41406	7.342914
518	CCATG	11045	2656	0.195262	7.319556
606	AAGGT	11045	2505	0.165695	7.23149
651	GACGT	11045	450	0.380903	7.175478
37	CCCAA	11045	2750	0.188627	7.160471
1003	TTCTC	11045	4243	0.196383	7.125843
560	GTAGG	11045	1524	0.215137	6.93583
376	CGCAC	11045	485	0.395673	6.82328
281	CGAAG	11045	549	0.318728	6.707434
543	GCAGT	11045	2801	0.182567	6.650214
38	CCGAA	11045	484	0.427562	6.616302
919	GTCGC	11045	330	0.46665	6.608358
975	TGCGT	11045	627	0.359314	6.589395
638	CATCG	11045	456	0.384526	6.552706
755	ATCCG	11045	321	0.565521	6.547829
158	AGCGA	11045	543	0.336895	6.546723
825	CGGTT	11045	513	0.432288	6.455507
626	CACTG	11045	3538	0.165135	6.439055
516	CCAGT	11045	2743	0.162602	6.40755
521	CGACG	11045	123	0.797285	6.210857
914	GGTTG	11045	2062	0.192315	6.18503
985	TGGTC	11045	2109	0.210938	6.175696
592	AACCC	11045	2012	0.173775	6.171423
32	AGGAA	11045	4053	0.119225	6.038412
23	GAGAA	11045	3760	0.149752	6.03505
832	CGTTC	11045	488	0.439532	5.952677
959	TCGTG	11045	702	0.346785	5.843142
51	GGTAA	11045	1663	0.150578	5.745199
415	GTGAC	11045	2090	0.195353	5.727558
716	ACGTG	11045	819	0.243138	5.603035
191	CGTGA	11045	723	0.342794	5.597437
467	GAACG	11045	417	0.320939	5.536803
746	AGTCG	11045	373	0.370042	5.515313
71	GAAGA	11045	3286	0.146574	5.460643
409	GGTAC	11045	966	0.240866	5.373364
758	ATCGG	11045	292	0.441429	5.349003
958	TCGTC	11045	407	0.339215	5.344227
190	CGTCA	11045	450	0.380803	5.290118
485	ACACG	11045	715	0.261088	5.286488
107	TGAGA	11045	3520	0.137644	5.244172
131	GACGA	11045	362	0.22124	4.987956
595	AACGC	11045	364	0.403645	4.881335
47	GCGAA	11045	350	0.361129	4.877468
823	CGGTC	11045	338	0.350666	4.828232
931	GTGTC	11045	2071	0.160875	4.723544
686	TAGGG	11045	1724	0.190282	4.721348
277	CCAAC	11045	1752	0.177466	4.672557
705	ACCGT	11045	511	0.391253	4.671354
602	AAGCG	11045	535	0.330114	4.616872
460	CAAGC	11045	2095	0.148959	4.524276
213	GGCTA	11045	1455	0.249106	4.419701
827	CGTCG	11045	117	0.715658	4.41644
935	GTTCG	11045	356	0.392722	4.40471
962	TCTCG	11045	1353	0.221386	4.390412
748	AGTGC	11045	2383	0.179473	4.376136
665	GATCG	11045	315	0.372126	4.366883
756	ATCCT	11045	2615	0.134984	4.342118
831	CGTGT	11045	887	0.228571	4.31139
721	ACTGC	11045	2600	0.138365	4.295074
735	AGCTT	11045	3146	0.151869	4.260755
757	ATCGC	11045	349	0.411058	4.144203
1006	TTGCC	11045	2792	0.13793	4.067699
232	TCGCA	11045	392	0.403063	3.921887
532	CTAGC	11045	1322	0.191913	3.887337
500	AGATG	11045	3308	0.156205	3.882979
763	ATGCC	11045	2305	0.135474	3.78508
349	AGCAC	11045	2331	0.131033	3.743923
194	CTCGA	11045	1257	0.195935	3.693281
49	GGCAA	11045	2179	0.144819	3.588688
527	CGATG	11045	480	0.229506	3.546256
122	CACGA	11045	543	0.268043	3.502032
968	TCTTG	11045	3529	0.14446	3.479478
545	GCATG	11045	2307	0.136163	3.408984
529	CTACC	11045	1443	0.154307	3.398724
236	TCTGA	11045	3449	0.123493	3.392628
639	CATCT	11045	3147	0.068284	3.389201
932	GTGTG	11045	3084	0.137987	3.306232
859	CTTTC	11045	3918	0.108785	3.286393
484	ACACC	11045	1833	0.130533	3.280245
879	GCGTT	11045	500	0.298897	3.27727
340	ACCAC	11045	2145	0.129586	3.23527
116	AAGGA	11045	3453	0.078895	3.217529
396	GCCAT	11045	2231	0.124609	3.173305
400	GCTAC	11045	1375	0.18155	3.165846
412	GTCAC	11045	1969	0.143396	3.137909
593	AACCG	11045	404	0.255771	3.134524
354	AGGAT	11045	2457	0.128593	3.111643
495	AGACT	11045	2614	0.120368	3.098827
399	GCGAT	11045	427	0.211899	3.057584
766	ATGGC	11045	2067	0.14238	2.981421
177	CCCTA	11045	1640	0.120799	2.980273
930	GTGGT	11045	2446	0.122762	2.975064
239	TGCGA	11045	416	0.294547	2.964943
343	ACGAC	11045	266	0.34976	2.851761
327	GAGAT	11045	2440	0.082434	2.834233
764	ATGCG	11045	456	0.215655	2.813808
405	GGCAT	11045	2156	0.11134	2.809195
624	CACGT	11045	886	0.217805	2.789982
85	CCACA	11045	2903	0.084647	2.708078
715	ACGTC	11045	418	0.241826	2.703331
957	TCGGT	11045	466	0.215893	2.65187
640	CATGC	11045	2233	0.123427	2.649677
555	GGATT	11045	2668	0.142328	2.567044
526	CGATC	11045	614	0.228419	2.539055
714	ACGGT	11045	499	0.23818	2.536102
199	CTTCA	11045	3363	0.100397	2.460232
88	CGACA	11045	396	0.266665	2.453894
566	TCACG	11045	639	0.176839	2.445291
682	TAGCC	11045	1593	0.116305	2.433802
720	ACTCT	11045	2710	0.096584	2.393768
424	TCGAC	11045	309	0.237682	2.347532
401	GCTAG	11045	1324	0.139832	2.280251
151	ACGCA	11045	492	0.168967	2.229103
921	GTCGT	11045	387	0.194752	2.21083
46	GCCAA	11045	2381	0.128236	2.181691
373	CCTAC	11045	1380	0.090089	2.169758
457	CAACC	11045	1711	0.121147	2.153978
204	GCCTA	11045	1389	0.104839	2.147115
760	ATCTC	11045	2659	0.029693	2.140045
724	ACTTC	11045	2488	0.097954	2.110845
989	TGTCG	11045	456	0.2506	2.090701
263	GAAAG	11045	3584	0.049481	2.010844
915	GGTTT	11045	3532	0.113986	1.913165
299	TGAAG	11045	3498	0.110754	1.895963
1019	TTTGG	11045	4413	0.060401	1.888703
372	CCGAT	11045	361	0.183288	1.811742
673	TACCC	11045	1373	0.071675	1.702507
744	AGGTT	11045	2587	0.065494	1.695821
251	TTGGA	11045	3351	0.0905	1.678536
833	CGTTG	11045	584	0.140197	1.637407
271	AGAAC	11045	2521	0.083295	1.627198
435	TGGAT	11045	2657	0.096522	1.569899
579	TGAGT	11045	2650	0.038167	1.550881
235	TCTCA	11045	3415	0.045601	1.509867
308	AAGAG	11045	3320	0.03721	1.443533
221	GTCGA	11045	208	0.19704	1.408119
683	TAGCG	11045	310	0.104353	1.379836
708	ACCTT	11045	2956	0.059089	1.350384
378	CGCAT	11045	352	0.214313	1.295802
247	TTCCA	11045	3790	0.03103	1.261447
335	TAGAG	11045	2278	0.095871	1.202769
499	AGATC	11045	1799	0.022308	1.158649
186	CGCTA	11045	232	0.22997	1.154459
687	TAGGT	11045	1720	0.076609	1.141736
684	TAGCT	11045	2379	0.095838	1.102122
1015	TTTCC	11045	4529	0.041836	1.097645
1007	TTGCG	11045	395	0.195339	1.077271
280	CGAAC	11045	327	0.018421	1.061365
940	GTTTC	11045	3296	0.048669	1.053908
807	CCTTT	11045	4439	0.017989	1.04166
40	CGCAA	11045	368	0.102444	0.971762
392	CTTAG	11045	2232	0.045763	0.969712
1004	TTCTG	11045	4647	0.055505	0.920616
458	CAACG	11045	380	0.162378	0.916738
59	TGGAA	11045	4008	0.054968	0.858658
860	CTTTG	11045	4581	0.034286	0.852998
223	GTGCA	11045	2476	0.071901	0.840902
164	AGTGA	11045	3227	0.052884	0.816814
189	CGGTA	11045	300	0.161897	0.816286
443	TTGAG	11045	3177	0.068182	0.81201
960	TCGTT	11045	622	0.019854	0.808305
1016	TTTCG	11045	652	0.06738	0.796848
411	GGTAT	11045	1610	0.005018	0.767327
248	TTCGA	11045	450	0.068686	0.736134
571	TCATC	11045	2276	0.028872	0.734507
345	ACGAT	11045	490	0.093742	0.724357
479	TAAGG	11045	1986	0.024063	0.714511
540	GCACT	11045	2359	0.024934	0.706094
834	CGTTT	11045	957	0.000905	0.700428
654	GACTT	11045	2707	-0.006297	0.657119
990	TGTCT	11045	3640	0.0454	0.639096
419	GTTAG	11045	1645	0.018065	0.627789
423	TCCAT	11045	3008	0.017558	0.618057
530	CTACG	11045	261	0.117108	0.617436
167	ATCGA	11045	399	0.035283	0.610778
383	CGTAG	11045	348	0.084867	0.607908
676	TACGC	11045	210	0.142163	0.585537
559	GTAGC	11045	1536	0.056526	0.580089
137	GATGA	11045	2373	0.056693	0.563639
557	GTACG	11045	253	0.041691	0.563231
20	CAGAA	11045	3975	0.027158	0.554013
382	CGTAC	11045	259	0.114976	0.523969
674	TACCG	11045	299	0.070235	0.517364
92	CTAGA	11045	1500	0.060924	0.507178
663	GAGTT	11045	2539	0.029754	0.482462
1002	TTCGT	11045	649	0.060883	0.473209
937	GTTGC	11045	2082	-0.000132	0.471583
936	GTTCT	11045	2988	0.029156	0.461286
356	AGTAG	11045	2250	-0.002779	0.460714
567	TCACT	11045	3337	0.034767	0.460243
136	GATCA	11045	2031	0.00939	0.435111
685	TAGGC	11045	1357	-0.026677	0.434062
670	GATTC	11045	2000	0.062342	0.432499
556	GTACC	11045	1145	0.012911	0.430886
476	TAACG	11045	382	-0.039375	0.429975
531	CTACT	11045	2065	-0.011861	0.42246
170	ATGGA	11045	2889	0.023666	0.420823
924	GTCTT	11045	3014	0.040755	0.420281
428	TCTAG	11045	1511	0.087304	0.410619
773	ATTCG	11045	373	0.030252	0.403498
759	ATCGT	11045	486	0.053338	0.374808
207	GCGTA	11045	266	0.071646	0.367784
528	CGATT	11045	559	-0.021065	0.358813
858	CTTGT	11045	3381	-0.01891	0.352842
362	ATGAG	11045	2638	-0.017664	0.340429
56	TCGAA	11045	708	0.014103	0.32323
231	TCCTA	11045	2221	-0.037413	0.317672
471	GAAGT	11045	2697	0.028069	0.314778
387	CTCAT	11045	2633	-0.029533	0.310692
101	GTAGA	11045	2137	0.005322	0.3106
291	GGAAT	11045	2638	-0.029662	-0.304505
747	AGTCT	11045	2737	-0.021065	-0.305247
440	TTCAG	11045	3811	-0.022606	-0.307617
200	CTTGA	11045	3124	0.045129	-0.308972
671	GATTG	11045	1956	0.043324	-0.314159
159	AGCTA	11045	2172	0.011779	-0.330945
677	TACGG	11045	311	-0.02567	-0.336658
79	AGACA	11045	2967	-0.025045	-0.344145
143	TAGGA	11045	2211	-0.007697	-0.352891
180	CCGTA	11045	332	0.064973	-0.37297
611	AATCG	11045	423	0.007462	-0.380244
991	TGTGC	11045	2992	0.015239	-0.397896
390	CTGAT	11045	2653	-0.022183	-0.439017
68	CAAGA	11045	2772	-0.043639	-0.463567
468	GAACT	11045	2549	-0.008313	-0.467767
94	GCACA	11045	2481	-0.049841	-0.476715
140	TACGA	11045	298	-0.043732	-0.479406
104	TCAGA	11045	3500	-0.035723	-0.489392
113	AACGA	11045	499	-0.076306	-0.493703
318	CAGAT	11045	2996	-0.014515	-0.507386
586	TTAGC	11045	2025	-0.047586	-0.510202
594	AACCT	11045	2750	-0.015227	-0.563556
282	CGAAT	11045	471	0.007893	-0.578443
576	TGACT	11045	2956	-0.005303	-0.59117
8	CGAAA	11045	635	-0.028798	-0.609547
666	GATCT	11045	1907	-0.028445	-0.613532
426	TCGAT	11045	651	0.021744	-0.616599
888	GCTTT	11045	3892	0.01509	-0.618285
772	ATTCC	11045	2607	-0.028729	-0.666619
334	TAGAC	11045	1460	-0.051127	-0.689671
166	ATCCA	11045	2389	-0.057645	-0.692736
234	TCGTA	11045	358	-0.074737	-0.696241
607	AAGTC	11045	2308	-0.026233	-0.696262
427	TCTAC	11045	1832	-0.04916	-0.713668
243	TGGTA	11045	2214	-0.088289	-0.752037
183	CCTTA	11045	2223	-0.050461	-0.824473
195	CTCTA	11045	2037	0.00406	-0.843016
430	TGCAC	11045	2543	-0.033185	-0.854034
535	CTATC	11045	1317	-0.05147	-0.896145
580	TGATC	11045	1922	-0.032959	-0.907298
296	TCAAG	11045	2489	-0.047535	-0.94487
941	GTTTG	11045	3530	-0.039467	-0.963242
498	AGAGT	11045	2689	-0.055721	-1.018641
313	CACAC	11045	2341	-0.050452	-1.045657
598	AACTC	11045	2302	-0.049185	-1.071661
347	ACTAG	11045	1459	-0.050823	-1.098016
978	TGCTT	11045	4077	0.004366	-1.103025
584	TTACG	11045	424	-0.126985	-1.117256
603	AAGCT	11045	2950	-0.066073	-1.186518
284	CTAAG	11045	1865	-0.06184	-1.205746
55	TCCAA	11045	2757	-0.091495	-1.213747
475	TAACC	11045	1676	-0.108347	-1.261855
1008	TTGCT	11045	3887	-0.042239	-1.262332
473	GAATG	11045	2908	-0.055252	-1.271481
692	TATCG	11045	321	-0.120066	-1.276422
994	TGTTC	11045	3122	-0.074449	-1.285457
219	GGTTA	11045	1534	-0.015738	-1.291013
283	CTAAC	11045	1506	-0.115377	-1.291985
751	AGTTC	11045	2456	-0.049352	-1.317092
581	TGATG	11045	2984	0.004355	-1.318
154	ACTCA	11045	2422	-0.077461	-1.320199
570	TCAGT	11045	3336	-0.095543	-1.344902
462	CAAGT	11045	2612	-0.055601	-1.374556
1011	TTGGT	11045	3103	-0.054673	-1.380554
776	ATTGG	11045	2263	-0.06241	-1.392149
490	ACATC	11045	1947	-0.106255	-1.402614
987	TGGTT	11045	3402	-0.011393	-1.405284
587	TTAGG	11045	2243	-0.067676	-1.437772
768	ATGGT	11045	2582	-0.087588	-1.535148
1012	TTGTC	11045	2815	-0.085286	-1.54116
679	TACTC	11045	1676	-0.082787	-1.548472
966	TCTGT	11045	4366	-0.040761	-1.590803
192	CGTTA	11045	432	-0.159965	-1.652344
127	CATCA	11045	2356	-0.09571	-1.666404
691	TATCC	11045	1722	-0.118164	-1.685766
572	TCATG	11045	2827	-0.071864	-1.71028
39	CCTAA	11045	2037	-0.105266	-1.801308
449	AAACG	11045	791	-0.109106	-1.831213
163	AGTCA	11045	2504	-0.084625	-1.839654
70	GAACA	11045	2650	-0.101313	-1.92688
135	GAGTA	11045	1698	-0.131205	-1.949574
852	CTGTT	11045	4100	-0.028245	-1.970166
610	AATCC	11045	2161	-0.094196	-2.019669
11	GGAAA	11045	4237	-0.098773	-2.027691
417	GTGAT	11045	2680	-0.070842	-2.062808
77	ACAGA	11045	3490	-0.086939	-2.138996
295	TCAAC	11045	1725	-0.120709	-2.237044
31	AGCAA	11045	3063	-0.109171	-2.281734
48	GCTAA	11045	1888	-0.092903	-2.291558
459	CAACT	11045	2099	-0.113682	-2.389355
43	CTCAA	11045	2586	-0.131269	-2.39605
29	ACGAA	11045	444	-0.272882	-2.449576
384	CGTAT	11045	420	-0.258174	-2.590731
329	GATAG	11045	1434	-0.179569	-2.591666
286	GCAAC	11045	1556	-0.159312	-2.655895
106	TGACA	11045	2900	-0.093365	-2.684093
442	TTGAC	11045	2261	-0.102743	-2.690462
725	ACTTG	11045	3110	-0.115259	-2.729048
995	TGTTG	11045	3748	-0.065646	-2.737178
689	TAGTG	11045	2033	-0.120596	-2.750103
90	CGATA	11045	298	-0.213022	-2.88323
439	TTCAC	11045	2802	-0.128009	-2.906559
534	CTAGT	11045	1742	-0.127045	-2.924946
42	CGTAA	11045	422	-0.230047	-3.06253
227	GTTGA	11045	2356	-0.105386	-3.155498
765	ATGCT	11045	2832	-0.119	-3.164041
359	ATCAG	11045	2795	-0.155729	-3.220527
269	ACAAG	11045	2513	-0.126281	-3.278466
452	AAAGG	11045	3708	-0.156142	-3.278962
761	ATCTG	11045	2944	-0.105156	-3.302484
505	ATAGC	11045	1695	-0.112271	-3.465363
717	ACGTT	11045	810	-0.241195	-3.476204
210	GCTTA	11045	1953	-0.141161	-3.521604
506	ATAGG	11045	1677	-0.159092	-3.525914
678	TACGT	11045	500	-0.276633	-3.551595
244	TGTCA	11045	3142	-0.112048	-3.59654
262	GAAAC	11045	3064	-0.117417	-3.796731
132	GACTA	11045	1386	-0.163703	-3.816164
260	CAAAG	11045	3487	-0.134692	-4.025254
222	GTCTA	11045	1369	-0.19573	-4.065673
155	ACTGA	11045	2921	-0.148538	-4.150401
391	CTTAC	11045	1852	-0.17819	-4.165385
472	GAATC	11045	1941	-0.204304	-4.193052
153	ACGTA	11045	501	-0.219744	-4.262378
503	ATACG	11045	388	-0.323554	-4.266944
292	GTAAC	11045	1534	-0.225491	-4.357375
99	GGATA	11045	1578	-0.183869	-4.427876
351	AGCAT	11045	2941	-0.13573	-4.440281
324	GACAT	11045	2221	-0.20444	-4.498705
627	CACTT	11045	3358	-0.125545	-4.52433
583	TTACC	11045	1981	-0.203381	-4.580728
597	AACGT	11045	696	-0.2579	-4.611914
22	GACAA	11045	2110	-0.128068	-4.755951
44	CTGAA	11045	3699	-0.112882	-4.814642
142	TAGCA	11045	2183	-0.161542	-4.874362
563	GTATG	11045	1996	-0.184897	-5.027079
307	AAGAC	11045	2397	-0.201485	-5.033112
320	CATAG	11045	1973	-0.18181	-5.136144
298	TGAAC	11045	2594	-0.15572	-5.139483
669	GATGT	11045	2623	-0.107557	-5.172974
226	GTTCA	11045	2470	-0.191073	-5.372567
561	GTAGT	11045	1882	-0.179697	-5.465206
675	TACCT	11045	2347	-0.191876	-5.561684
28	ACCAA	11045	2409	-0.227211	-5.61079
128	CATGA	11045	2616	-0.210034	-5.62182
437	TGTAG	11045	2747	-0.126235	-5.649862
342	ACCAT	11045	2333	-0.216864	-5.669222
750	AGTGT	11045	3034	-0.194081	-5.693133
112	AACCA	11045	2689	-0.240808	-5.720125
305	AACAG	11045	3024	-0.182113	-5.753596
375	CCTAT	11045	1747	-0.249718	-5.933582
752	AGTTG	11045	2878	-0.151609	-6.031546
608	AAGTG	11045	3405	-0.141338	-6.047877
643	CATTC	11045	2738	-0.221822	-6.087194
358	ATCAC	11045	2236	-0.223064	-6.38679
769	ATGTC	11045	2373	-0.221087	-6.415447
402	GCTAT	11045	1831	-0.209648	-6.455495
688	TAGTC	11045	1482	-0.236849	-6.456889
150	ACCTA	11045	1703	-0.242957	-6.568053
463	CAATC	11045	1616	-0.26157	-6.611175
87	CCATA	11045	1828	-0.247408	-6.62284
519	CCATT	11045	3152	-0.187387	-6.629325
414	GTCAT	11045	2250	-0.221809	-6.844912
7	CCAAA	11045	3592	-0.162634	-7.067034
432	TGCAT	11045	3115	-0.188662	-7.134421
536	CTATG	11045	1930	-0.243036	-7.172135
139	TACCA	11045	1977	-0.239339	-7.27466
332	TACAG	11045	2794	-0.212447	-7.322586
245	TGTGA	11045	3807	-0.155467	-7.331782
110	TTAGA	11045	2861	-0.209673	-7.610236
361	ATGAC	11045	2106	-0.243053	-7.815727
562	GTATC	11045	1499	-0.257434	-7.999857
355	AGTAC	11045	1420	-0.317818	-8.064984
933	GTGTT	11045	3439	-0.185679	-8.185295
328	GATAC	11045	1309	-0.241281	-8.383135
614	AATGG	11045	2972	-0.201656	-8.495968
1018	TTTGC	11045	3926	-0.181985	-8.561766
103	TCACA	11045	2898	-0.237998	-8.729268
501	AGATT	11045	3232	-0.226614	-8.916088
52	GTCAA	11045	1720	-0.234535	-8.927263
775	ATTGC	11045	2414	-0.245417	-9.032151
636	CAGTT	11045	3492	-0.219504	-9.034161
448	AAACC	11045	2940	-0.25038	-9.083936
695	TATGG	11045	1957	-0.252617	-9.088339
599	AACTG	11045	3211	-0.205212	-9.346027
1017	TTTCT	11045	6358	-0.203458	-9.588733
91	CTACA	11045	2050	-0.252001	-9.631873
126	CAGTA	11045	2527	-0.266515	-9.645438
1013	TTGTG	11045	3992	-0.170257	-9.662344
240	TGCTA	11045	2399	-0.275764	-9.77125
1005	TTCTT	11045	5415	-0.224395	-10.027883
644	CATTG	11045	2928	-0.243437	-10.281139
478	TAAGC	11045	1823	-0.311393	-10.291289
10	GCAAA	11045	3263	-0.244024	-10.387406
694	TATGC	11045	1847	-0.24366	-10.434667
451	AAAGC	11045	3346	-0.256861	-10.569972
346	ACTAC	11045	1388	-0.328532	-10.579399
279	CCAAT	11045	1932	-0.284081	-10.904885
939	GTTGT	11045	2786	-0.225757	-10.91091
762	ATCTT	11045	3366	-0.247098	-11.072725
115	AAGCA	11045	3431	-0.251828	-11.115976
250	TTGCA	11045	3411	-0.228678	-11.237424
489	ACAGT	11045	3131	-0.276896	-11.343783
418	GTTAC	11045	1659	-0.329222	-11.418133
336	TAGAT	11045	2186	-0.282609	-11.785883
169	ATGCA	11045	3053	-0.255211	-11.885619
993	TGTGT	11045	4275	-0.219451	-11.953577
67	CAACA	11045	2424	-0.311914	-12.186644
288	GCAAT	11045	2023	-0.293084	-12.240542
642	CATGT	11045	3251	-0.275618	-12.454411
123	CACTA	11045	1680	-0.357979	-12.518226
969	TCTTT	11045	5395	-0.245824	-12.585313
588	TTAGT	11045	2553	-0.279294	-12.753112
138	GATTA	11045	2183	-0.301313	-12.987956
365	ATTAG	11045	2169	-0.31187	-13.16306
268	ACAAC	11045	1713	-0.38203	-13.175951
74	TAAGA	11045	2829	-0.297922	-13.344944
464	CAATG	11045	2282	-0.283554	-13.357783
480	TAAGT	11045	2626	-0.340517	-13.590656
259	CAAAC	11045	2588	-0.277273	-13.646006
96	GCATA	11045	1767	-0.328337	-14.081933
546	GCATT	11045	3014	-0.288817	-14.553158
364	ATTAC	11045	2203	-0.333851	-14.833229
249	TTCTA	11045	3216	-0.270012	-14.853981
693	TATCT	11045	2621	-0.286903	-14.941457
558	GTACT	11045	1700	-0.388914	-15.025449
770	ATGTG	11045	3574	-0.293978	-15.508128
486	ACACT	11045	2645	-0.335227	-16.572427
309	AAGAT	11045	3245	-0.30048	-16.709903
613	AATGC	11045	2849	-0.311516	-16.803574
502	ATACC	11045	1543	-0.369228	-16.829627
680	TACTG	11045	2656	-0.314098	-16.858305
58	TGCAA	11045	3198	-0.294139	-16.95399
144	TAGTA	11045	2001	-0.329276	-17.009859
681	TACTT	11045	3164	-0.32105	-17.101298
53	GTGAA	11045	3087	-0.302274	-17.101758
446	TTTAG	11045	3554	-0.309755	-17.275273
474	GAATT	11045	3408	-0.294219	-17.583551
237	TCTTA	11045	3160	-0.302558	-17.910709
672	GATTT	11045	4057	-0.273076	-18.134105
723	ACTGT	11045	3612	-0.280412	-18.247983
774	ATTCT	11045	3864	-0.319293	-18.857767
254	TTTGA	11045	4644	-0.293215	-19.036327
26	TAGAA	11045	3154	-0.342466	-19.061589
585	TTACT	11045	3117	-0.337404	-19.202887
141	TACTA	11045	1787	-0.402051	-19.26283
319	CATAC	11045	1598	-0.440136	-20.039968
477	TAACT	11045	2687	-0.350817	-20.236445
589	TTATC	11045	2292	-0.350126	-20.502796
491	ACATG	11045	2879	-0.375168	-20.55443
30	ACTAA	11045	2198	-0.401104	-20.665072
165	AGTTA	11045	2631	-0.362696	-20.692688
690	TAGTT	11045	2757	-0.349947	-20.918078
62	TTGAA	11045	4317	-0.323458	-21.012255
778	ATTTC	11045	4329	-0.343138	-21.058763
393	CTTAT	11045	2520	-0.343959	-21.202103
481	TAATC	11045	2132	-0.388669	-21.571353
285	CTAAT	11045	2322	-0.339039	-21.587544
429	TCTAT	11045	2427	-0.359708	-21.877127
301	TTAAC	11045	2566	-0.367524	-21.936396
616	AATTC	11045	2976	-0.370935	-22.246427
225	GTGTA	11045	2425	-0.420058	-22.49819
360	ATCAT	11045	2644	-0.369897	-22.667789
273	AGAAT	11045	3727	-0.34628	-22.971386
83	ATAGA	11045	2563	-0.398796	-23.384
198	CTGTA	11045	3471	-0.338335	-23.448488
441	TTCAT	11045	4091	-0.356616	-23.518771
100	GTACA	11045	2114	-0.456286	-23.589421
33	AGTAA	11045	2677	-0.416911	-24.044528
57	TCTAA	11045	2760	-0.372063	-24.496191
444	TTGAT	11045	3113	-0.340344	-24.674595
600	AACTT	11045	3687	-0.347281	-24.818531
582	TGATT	11045	3618	-0.348382	-25.085427
311	AATAG	11045	2526	-0.374699	-25.455064
173	ATTGA	11045	2785	-0.369806	-25.464696
697	TATTC	11045	2654	-0.383769	-25.683977
108	TGATA	11045	2434	-0.397944	-26.031419
24	GATAA	11045	2185	-0.432783	-26.059018
156	ACTTA	11045	2518	-0.403861	-26.411339
1014	TTGTT	11045	4862	-0.337634	-26.414251
861	CTTTT	11045	5947	-0.376941	-26.797695
338	TATAG	11045	2158	-0.450595	-27.021009
168	ATCTA	11045	1845	-0.45781	-27.301864
275	ATAAG	11045	2269	-0.431847	-27.651247
45	CTTAA	11045	3124	-0.38847	-28.174192
1021	TTTTC	11045	6036	-0.341724	-28.277334
117	AAGTA	11045	2916	-0.432503	-28.515334
201	CTTTA	11045	3698	-0.372656	-28.611098
114	AACTA	11045	2217	-0.467013	-28.86626
253	TTTCA	11045	5115	-0.398519	-29.127365
76	ACACA	11045	2917	-0.399445	-29.207578
420	GTTAT	11045	2357	-0.473613	-29.241047
507	ATAGT	11045	2166	-0.443036	-29.456561
9	CTAAA	11045	3125	-0.422982	-29.527941
508	ATATC	11045	2052	-0.485531	-29.564064
146	TATGA	11045	2495	-0.431943	-30.139414
302	TTAAG	11045	3216	-0.42421	-30.187875
363	ATGAT	11045	2639	-0.391439	-30.389006
105	TCATA	11045	2477	-0.464204	-30.659462
357	AGTAT	11045	2729	-0.439992	-31.040846
753	AGTTT	11045	4255	-0.38617	-31.129816
726	ACTTT	11045	4641	-0.381742	-31.234076
330	GATAT	11045	2098	-0.469304	-31.427589
537	CTATT	11045	2762	-0.434541	-32.040368
331	TACAC	11045	1752	-0.585607	-32.434245
93	CTATA	11045	1909	-0.491729	-32.548331
19	CACAA	11045	2674	-0.477093	-32.807636
996	TGTTT	11045	5897	-0.392995	-32.96921
81	AGATA	11045	2533	-0.472066	-32.986991
1020	TTTGT	11045	5755	-0.359442	-33.140975
573	TCATT	11045	4002	-0.438215	-33.55061
119	AATGA	11045	3735	-0.426933	-33.971846
482	TAATG	11045	3026	-0.45766	-34.915808
609	AAGTT	11045	3506	-0.422388	-35.243612
942	GTTTT	11045	5528	-0.401183	-35.696317
5	AGAAA	11045	5472	-0.424907	-36.385914
348	ACTAT	11045	1941	-0.545251	-36.422744
35	ATGAA	11045	3778	-0.434628	-36.591071
17	AAGAA	11045	4719	-0.421495	-37.338557
436	TGTAC	11045	2494	-0.509081	-37.416857
590	TTATG	11045	3083	-0.434597	-37.485109
612	AATCT	11045	3095	-0.446136	-37.669723
145	TATCA	11045	2345	-0.498227	-38.146143
34	ATCAA	11045	2252	-0.514148	-38.336744
779	ATTTG	11045	4500	-0.409132	-38.436069
54	GTTAA	11045	2621	-0.484024	-38.854242
445	TTTAC	11045	3224	-0.485922	-39.246977
1022	TTTTG	11045	6061	-0.417119	-39.272817
504	ATACT	11045	2382	-0.445618	-39.614556
617	AATTG	11045	3276	-0.447217	-39.645205
304	AACAC	11045	2436	-0.527222	-40.136841
315	CACAT	11045	2923	-0.528587	-40.400217
228	GTTTA	11045	3140	-0.480529	-41.683423
564	GTATT	11045	3310	-0.455893	-41.970555
771	ATGTT	11045	4165	-0.460229	-42.510889
172	ATTCA	11045	3278	-0.467509	-42.634513
61	TTCAA	11045	3687	-0.475682	-43.091061
294	GTAAT	11045	2642	-0.501482	-43.675401
454	AAATC	11045	3268	-0.482589	-44.518233
118	AATCA	11045	3080	-0.51852	-44.66944
465	CAATT	11045	2624	-0.545117	-44.761872
109	TTACA	11045	3230	-0.517186	-45.138062
274	ATAAC	11045	1988	-0.575316	-45.737087
264	GAAAT	11045	4151	-0.450045	-46.158398
300	TGAAT	11045	3714	-0.475984	-48.911357
246	TGTTA	11045	3462	-0.53046	-49.183199
698	TATTG	11045	2929	-0.517852	-49.620442
297	TCAAT	11045	2278	-0.608671	-50.740282
645	CATTT	11045	5311	-0.502692	-51.034454
450	AAACT	11045	4014	-0.480244	-51.135604
261	CAAAT	11045	3711	-0.504783	-52.620493
73	TAACA	11045	2652	-0.559538	-52.903766
696	TATGT	11045	3385	-0.537045	-56.960472
25	TACAA	11045	2749	-0.579424	-57.557047
777	ATTGT	11045	3589	-0.522206	-58.05906
14	TGAAA	11045	5009	-0.511607	-58.162149
337	TATAC	11045	1947	-0.65241	-58.172297
252	TTGTA	11045	4049	-0.512727	-58.427185
13	TCAAA	11045	3626	-0.564232	-59.140343
72	GAATA	11045	2623	-0.595935	-60.864396
65	AAAGA	11045	4751	-0.547074	-64.735024
509	ATATG	11045	2791	-0.61312	-65.187302
102	GTATA	11045	2421	-0.686346	-65.441065
321	CATAT	11045	2653	-0.631377	-65.680827
483	TAATT	11045	4128	-0.537101	-66.139055
270	ACAAT	11045	2508	-0.658709	-66.434714
129	CATTA	11045	2681	-0.701708	-67.057733
453	AAAGT	11045	4113	-0.563406	-67.058129
21	CATAA	11045	2479	-0.696705	-67.908673
310	AATAC	11045	2476	-0.700906	-70.258461
60	TGTAA	11045	4067	-0.589672	-72.249795
306	AACAT	11045	3413	-0.647316	-74.395609
615	AATGT	11045	4328	-0.586351	-74.743539
16	AACAA	11045	3426	-0.645526	-76.76496
333	TACAT	11045	2953	-0.731441	-80.017662
2	GAAAA	11045	5268	-0.601494	-80.208238
69	CAATA	11045	2224	-0.752402	-80.3608
1023	TTTTT	11045	6546	-0.614092	-80.678576
12	GTAAA	11045	3251	-0.667915	-80.976046
492	ACATT	11045	3888	-0.670644	-81.958413
266	TAAAG	11045	3707	-0.64962	-84.320315
171	ATGTA	11045	3417	-0.672948	-87.076197
438	TGTAT	11045	4046	-0.644982	-87.160656
82	ATACA	11045	2806	-0.787835	-90.409262
303	TTAAT	11045	4045	-0.66277	-90.528782
455	AAATG	11045	5306	-0.628186	-93.312593
1	CAAAA	11045	4612	-0.65599	-96.276769
265	TAAAC	11045	2748	-0.784518	-98.159934
4	ACAAA	11045	4104	-0.682946	-99.260689
257	AAAAG	11045	5162	-0.688128	-101.807281
618	AATTT	11045	5315	-0.693028	-105.441282
147	TATTA	11045	3232	-0.785618	-110.113871
78	ACATA	11045	2669	-0.887689	-111.999255
591	TTATT	11045	5084	-0.706626	-113.132578
120	AATTA	11045	3770	-0.771128	-113.800042
256	AAAAC	11045	4195	-0.754626	-114.672307
276	ATAAT	11045	3404	-0.803761	-116.347065
366	ATTAT	11045	3581	-0.780193	-117.338797
111	TTATA	11045	3705	-0.765137	-118.474634
699	TATTT	11045	6101	-0.740895	-121.421103
174	ATTTA	11045	4721	-0.775807	-124.035029
447	TTTAT	11045	5503	-0.737719	-125.457543
255	TTTTA	11045	6515	-0.786391	-131.594933
780	ATTTT	11045	6904	-0.789	-134.246594
339	TATAT	11045	3580	-0.848342	-135.806798
456	AAATT	11045	5143	-0.815819	-142.41252
84	ATATA	11045	3200	-0.903931	-143.208655
27	TATAA	11045	3414	-0.904348	-144.633726
64	AAACA	11045	4469	-0.821742	-145.283229
510	ATATT	11045	4408	-0.840832	-149.054186
75	TAATA	11045	3089	-0.930611	-153.285465
63	TTTAA	11045	5958	-0.851586	-160.214225
312	AATAT	11045	4149	-0.903838	-168.399599
36	ATTAA	11045	3719	-0.971928	-168.910352
0	AAAAA	11045	5363	-0.995296	-222.000416
267	TAAAT	11045	4673	-1.033945	-226.132488
15	TTAAA	11045	5826	-1.025882	-255.059592
258	AAAAT	11045	6196	-1.048735	-261.635051
66	AAATA	11045	5300	-1.117096	-298.817027
3	TAAAA	11045	5873	-1.172729	-Inf
6	ATAAA	11045	4783	-1.467843	-Inf
18	AATAA	11045	4448	-1.36308	-Inf
